3400
0	J200:200:J201:201
1	J200
3	200
1	J201
3	200
3	201
9	200
9	201
4	200
4	201
5	200
5	201
6	200:0:0
6	201:0:0
7	201:0:1
7	200:0:0
7	200:2:2
4	200
4	201
5	201
6	201:0:1
5	200
7	200:3:3
5	201
6	201:3:4
5	200
7	200:2:3
5	201
6	201:2:7
5	200
7	200:3:2
5	201
6	201:2:7
5	200
7	200:2:4
5	201
6	201:2:0
5	200
7	200:3:4
5	201
6	201:3:5
6	201:0:1
5	200
7	200:4:4
5	201
6	201:0:2
5	200
7	200:4:0
5	201
6	201:0:4
5	200
7	200:4:6
7	200:4:2
5	201
6	201:1:3
5	200
7	200:3:0
5	201
6	201:1:3
5	200
7	200:2:0
5	201
6	201:1:5
5	200
7	200:1:0
5	201
6	201:1:5
5	200
7	200:0:4
5	201
6	201:0:6
5	200
7	200:4:1
5	201
6	201:2:4
5	200
7	200:1:4
5	201
6	201:3:0
6	201:3:1
6	201:3:2
6	201:3:3
6	201:3:4
6	201:3:5
6	201:3:6
6	201:1:1
5	200
7	200:0:0
5	201
6	201:1:6
5	200
7	200:0:3
5	201
6	201:1:0
5	200
7	200:0:1
5	201
6	201:2:4
5	200
7	200:1:3
5	201
6	201:2:4
5	200
7	200:2:1
5	201
6	201:2:0
5	200
7	200:3:2
8	200:8:0
8	200:8:1
8	200:8:2
8	200:8:3
8	200:8:4
8	200:8:5
8	200:8:7
8	200:8:6
5	201
6	201:0:6
5	200
8	200:13:6
5	201
6	201:3:4
5	200
8	200:13:6
5	201
6	201:3:6
5	200
8	200:6:4
5	201
6	201:0:2
5	200
5	201
4	200
4	201
2	200
2	201
0	J202:202:J203:203
1	J202
3	202
1	J203
3	202
3	203
9	202
9	203
4	202
4	203
5	202
5	203
7	202:0:2
5	203
4	202
4	203
6	203:0:0
5	202
4	202
4	203
7	202:0:3
5	203
4	202
4	203
6	203:3:6
5	202
4	202
4	203
7	202:0:0
5	203
4	202
4	203
6	203:2:6
5	202
4	202
4	203
7	202:4:0
5	203
4	202
4	203
6	203:2:6
5	202
4	202
4	203
7	202:4:4
5	203
4	202
4	203
6	203:3:6
5	202
4	202
4	203
7	202:4:1
5	203
4	202
4	203
6	203:2:6
5	202
4	202
4	203
7	202:4:3
5	203
4	202
4	203
6	203:3:6
5	202
4	202
4	203
7	202:3:1
5	203
4	202
4	203
6	203:2:0
5	202
4	202
4	203
7	202:3:3
5	203
4	202
4	203
6	203:3:4
5	202
4	202
4	203
7	202:3:0
5	203
4	202
4	203
6	203:2:2
5	202
4	202
4	203
7	202:3:4
5	203
4	202
4	203
6	203:3:2
5	202
7	202:1:0
5	203
6	203:2:4
5	202
7	202:4:2
5	203
6	203:3:0
5	202
7	202:1:4
5	203
6	203:0:2
5	202
7	202:0:1
5	203
6	203:1:3
5	202
7	202:0:4
5	203
6	203:0:0
5	202
7	202:3:2
5	203
6	203:1:2
5	202
7	202:1:1
5	203
6	203:0:2
5	202
7	202:1:3
5	203
6	203:0:4
5	202
7	202:2:2
5	202
4	202
4	203
2	202
2	203
0	J204:204:J205:205
1	J204
3	204
1	J205
3	204
3	205
9	204
9	205
4	204
4	205
5	204
5	205
6	204:0:0
6	205:0:0
7	205:0:1
7	204:0:0
7	204:2:2
4	204
4	205
5	205
6	205:0:1
5	204
7	204:3:3
5	205
6	205:3:4
5	204
7	204:2:3
5	205
6	205:2:7
5	204
7	204:3:2
5	205
6	205:2:7
5	204
7	204:2:4
5	205
6	205:2:0
5	204
7	204:3:4
5	205
6	205:3:5
6	205:0:1
5	204
7	204:4:4
5	205
6	205:0:2
5	204
7	204:4:0
5	205
6	205:0:4
5	204
7	204:4:6
7	204:4:2
5	205
6	205:1:3
5	204
7	204:3:0
5	205
6	205:1:3
5	204
7	204:2:0
5	205
6	205:1:5
5	204
7	204:1:0
5	205
6	205:1:5
5	204
7	204:0:4
5	205
6	205:0:6
5	204
7	204:4:1
5	205
6	205:2:4
5	204
7	204:1:4
5	205
6	205:3:0
6	205:3:1
6	205:3:2
6	205:3:3
6	205:3:4
6	205:3:5
6	205:3:6
6	205:1:1
5	204
7	204:0:0
5	205
6	205:1:6
5	204
7	204:0:3
5	205
6	205:1:0
5	204
7	204:0:1
5	205
6	205:2:4
5	204
7	204:1:3
5	205
6	205:2:4
5	204
7	204:2:1
5	205
6	205:2:0
5	204
7	204:3:2
8	204:8:0
8	204:8:1
8	204:8:2
8	204:8:3
8	204:8:4
8	204:8:5
8	204:8:7
8	204:8:6
5	205
6	205:0:6
5	204
8	204:13:6
5	205
6	205:3:4
5	204
8	204:13:6
5	205
6	205:3:6
5	204
8	204:6:4
5	205
6	205:0:2
5	204
5	205
4	204
4	205
2	204
2	205
0	J206:206:J207:207
1	J206
3	206
1	J207
3	206
3	207
9	206
9	207
4	206
4	207
5	206
5	207
7	206:0:2
5	207
4	206
4	207
6	207:0:0
5	206
4	206
4	207
7	206:0:3
5	207
4	206
4	207
6	207:3:6
5	206
4	206
4	207
7	206:0:0
5	207
4	206
4	207
6	207:2:6
5	206
4	206
4	207
7	206:4:0
5	207
4	206
4	207
6	207:2:6
5	206
4	206
4	207
7	206:4:4
5	207
4	206
4	207
6	207:3:6
5	206
4	206
4	207
7	206:4:1
5	207
4	206
4	207
6	207:2:6
5	206
4	206
4	207
7	206:4:3
5	207
4	206
4	207
6	207:3:6
5	206
4	206
4	207
7	206:3:1
5	207
4	206
4	207
6	207:2:0
5	206
4	206
4	207
7	206:3:3
5	207
4	206
4	207
6	207:3:4
5	206
4	206
4	207
7	206:3:0
5	207
4	206
4	207
6	207:2:2
5	206
4	206
4	207
7	206:3:4
5	207
4	206
4	207
6	207:3:2
5	206
7	206:1:0
5	207
6	207:2:4
5	206
7	206:4:2
5	207
6	207:3:0
5	206
7	206:1:4
5	207
6	207:0:2
5	206
7	206:0:1
5	207
6	207:1:3
5	206
7	206:0:4
5	207
6	207:0:0
5	206
7	206:3:2
5	207
6	207:1:2
5	206
7	206:1:1
5	207
6	207:0:2
5	206
7	206:1:3
5	207
6	207:0:4
5	206
7	206:2:2
5	206
4	206
4	207
2	206
2	207
0	J208:208:J209:209
1	J208
3	208
1	J209
3	208
3	209
9	208
9	209
4	208
4	209
5	208
5	209
6	208:0:0
6	209:0:0
7	209:0:1
7	208:0:0
7	208:2:2
4	208
4	209
5	209
6	209:0:1
5	208
7	208:3:3
5	209
6	209:3:4
5	208
7	208:2:3
5	209
6	209:2:7
5	208
7	208:3:2
5	209
6	209:2:7
5	208
7	208:2:4
5	209
6	209:2:0
5	208
7	208:3:4
5	209
6	209:3:5
6	209:0:1
5	208
7	208:4:4
5	209
6	209:0:2
5	208
7	208:4:0
5	209
6	209:0:4
5	208
7	208:4:6
7	208:4:2
5	209
6	209:1:3
5	208
7	208:3:0
5	209
6	209:1:3
5	208
7	208:2:0
5	209
6	209:1:5
5	208
7	208:1:0
5	209
6	209:1:5
5	208
7	208:0:4
5	209
6	209:0:6
5	208
7	208:4:1
5	209
6	209:2:4
5	208
7	208:1:4
5	209
6	209:3:0
6	209:3:1
6	209:3:2
6	209:3:3
6	209:3:4
6	209:3:5
6	209:3:6
6	209:1:1
5	208
7	208:0:0
5	209
6	209:1:6
5	208
7	208:0:3
5	209
6	209:1:0
5	208
7	208:0:1
5	209
6	209:2:4
5	208
7	208:1:3
5	209
6	209:2:4
5	208
7	208:2:1
5	209
6	209:2:0
5	208
7	208:3:2
8	208:8:0
8	208:8:1
8	208:8:2
8	208:8:3
8	208:8:4
8	208:8:5
8	208:8:7
8	208:8:6
5	209
6	209:0:6
5	208
8	208:13:6
5	209
6	209:3:4
5	208
8	208:13:6
5	209
6	209:3:6
5	208
8	208:6:4
5	209
6	209:0:2
5	208
5	209
4	208
4	209
2	208
2	209
0	J210:210:J211:211
1	J210
3	210
1	J211
3	210
3	211
9	210
9	211
4	210
4	211
5	210
5	211
7	210:0:2
5	211
4	210
4	211
6	211:0:0
5	210
4	210
4	211
7	210:0:3
5	211
4	210
4	211
6	211:3:6
5	210
4	210
4	211
7	210:0:0
5	211
4	210
4	211
6	211:2:6
5	210
4	210
4	211
7	210:4:0
5	211
4	210
4	211
6	211:2:6
5	210
4	210
4	211
7	210:4:4
5	211
4	210
4	211
6	211:3:6
5	210
4	210
4	211
7	210:4:1
5	211
4	210
4	211
6	211:2:6
5	210
4	210
4	211
7	210:4:3
5	211
4	210
4	211
6	211:3:6
5	210
4	210
4	211
7	210:3:1
5	211
4	210
4	211
6	211:2:0
5	210
4	210
4	211
7	210:3:3
5	211
4	210
4	211
6	211:3:4
5	210
4	210
4	211
7	210:3:0
5	211
4	210
4	211
6	211:2:2
5	210
4	210
4	211
7	210:3:4
5	211
4	210
4	211
6	211:3:2
5	210
7	210:1:0
5	211
6	211:2:4
5	210
7	210:4:2
5	211
6	211:3:0
5	210
7	210:1:4
5	211
6	211:0:2
5	210
7	210:0:1
5	211
6	211:1:3
5	210
7	210:0:4
5	211
6	211:0:0
5	210
7	210:3:2
5	211
6	211:1:2
5	210
7	210:1:1
5	211
6	211:0:2
5	210
7	210:1:3
5	211
6	211:0:4
5	210
7	210:2:2
5	210
4	210
4	211
2	210
2	211
0	J212:212:J213:213
1	J212
3	212
1	J213
3	212
3	213
9	212
9	213
4	212
4	213
5	212
5	213
6	212:0:0
6	213:0:0
7	213:0:1
7	212:0:0
7	212:2:2
4	212
4	213
5	213
6	213:0:1
5	212
7	212:3:3
5	213
6	213:3:4
5	212
7	212:2:3
5	213
6	213:2:7
5	212
7	212:3:2
5	213
6	213:2:7
5	212
7	212:2:4
5	213
6	213:2:0
5	212
7	212:3:4
5	213
6	213:3:5
6	213:0:1
5	212
7	212:4:4
5	213
6	213:0:2
5	212
7	212:4:0
5	213
6	213:0:4
5	212
7	212:4:6
7	212:4:2
5	213
6	213:1:3
5	212
7	212:3:0
5	213
6	213:1:3
5	212
7	212:2:0
5	213
6	213:1:5
5	212
7	212:1:0
5	213
6	213:1:5
5	212
7	212:0:4
5	213
6	213:0:6
5	212
7	212:4:1
5	213
6	213:2:4
5	212
7	212:1:4
5	213
6	213:3:0
6	213:3:1
6	213:3:2
6	213:3:3
6	213:3:4
6	213:3:5
6	213:3:6
6	213:1:1
5	212
7	212:0:0
5	213
6	213:1:6
5	212
7	212:0:3
5	213
6	213:1:0
5	212
7	212:0:1
5	213
6	213:2:4
5	212
7	212:1:3
5	213
6	213:2:4
5	212
7	212:2:1
5	213
6	213:2:0
5	212
7	212:3:2
8	212:8:0
8	212:8:1
8	212:8:2
8	212:8:3
8	212:8:4
8	212:8:5
8	212:8:7
8	212:8:6
5	213
6	213:0:6
5	212
8	212:13:6
5	213
6	213:3:4
5	212
8	212:13:6
5	213
6	213:3:6
5	212
8	212:6:4
5	213
6	213:0:2
5	212
5	213
4	212
4	213
2	212
2	213
0	J214:214:J215:215
1	J214
3	214
1	J215
3	214
3	215
9	214
9	215
4	214
4	215
5	214
5	215
7	214:0:2
5	215
4	214
4	215
6	215:0:0
5	214
4	214
4	215
7	214:0:3
5	215
4	214
4	215
6	215:3:6
5	214
4	214
4	215
7	214:0:0
5	215
4	214
4	215
6	215:2:6
5	214
4	214
4	215
7	214:4:0
5	215
4	214
4	215
6	215:2:6
5	214
4	214
4	215
7	214:4:4
5	215
4	214
4	215
6	215:3:6
5	214
4	214
4	215
7	214:4:1
5	215
4	214
4	215
6	215:2:6
5	214
4	214
4	215
7	214:4:3
5	215
4	214
4	215
6	215:3:6
5	214
4	214
4	215
7	214:3:1
5	215
4	214
4	215
6	215:2:0
5	214
4	214
4	215
7	214:3:3
5	215
4	214
4	215
6	215:3:4
5	214
4	214
4	215
7	214:3:0
5	215
4	214
4	215
6	215:2:2
5	214
4	214
4	215
7	214:3:4
5	215
4	214
4	215
6	215:3:2
5	214
7	214:1:0
5	215
6	215:2:4
5	214
7	214:4:2
5	215
6	215:3:0
5	214
7	214:1:4
5	215
6	215:0:2
5	214
7	214:0:1
5	215
6	215:1:3
5	214
7	214:0:4
5	215
6	215:0:0
5	214
7	214:3:2
5	215
6	215:1:2
5	214
7	214:1:1
5	215
6	215:0:2
5	214
7	214:1:3
5	215
6	215:0:4
5	214
7	214:2:2
5	214
4	214
4	215
2	214
2	215
0	J216:216:J217:217
1	J216
3	216
1	J217
3	216
3	217
9	216
9	217
4	216
4	217
5	216
5	217
6	216:0:0
6	217:0:0
7	217:0:1
7	216:0:0
7	216:2:2
4	216
4	217
5	217
6	217:0:1
5	216
7	216:3:3
5	217
6	217:3:4
5	216
7	216:2:3
5	217
6	217:2:7
5	216
7	216:3:2
5	217
6	217:2:7
5	216
7	216:2:4
5	217
6	217:2:0
5	216
7	216:3:4
5	217
6	217:3:5
6	217:0:1
5	216
7	216:4:4
5	217
6	217:0:2
5	216
7	216:4:0
5	217
6	217:0:4
5	216
7	216:4:6
7	216:4:2
5	217
6	217:1:3
5	216
7	216:3:0
5	217
6	217:1:3
5	216
7	216:2:0
5	217
6	217:1:5
5	216
7	216:1:0
5	217
6	217:1:5
5	216
7	216:0:4
5	217
6	217:0:6
5	216
7	216:4:1
5	217
6	217:2:4
5	216
7	216:1:4
5	217
6	217:3:0
6	217:3:1
6	217:3:2
6	217:3:3
6	217:3:4
6	217:3:5
6	217:3:6
6	217:1:1
5	216
7	216:0:0
5	217
6	217:1:6
5	216
7	216:0:3
5	217
6	217:1:0
5	216
7	216:0:1
5	217
6	217:2:4
5	216
7	216:1:3
5	217
6	217:2:4
5	216
7	216:2:1
5	217
6	217:2:0
5	216
7	216:3:2
8	216:8:0
8	216:8:1
8	216:8:2
8	216:8:3
8	216:8:4
8	216:8:5
8	216:8:7
8	216:8:6
5	217
6	217:0:6
5	216
8	216:13:6
5	217
6	217:3:4
5	216
8	216:13:6
5	217
6	217:3:6
5	216
8	216:6:4
5	217
6	217:0:2
5	216
5	217
4	216
4	217
2	216
2	217
0	J218:218:J219:219
1	J218
3	218
1	J219
3	218
3	219
9	218
9	219
4	218
4	219
5	218
5	219
7	218:0:2
5	219
4	218
4	219
6	219:0:0
5	218
4	218
4	219
7	218:0:3
5	219
4	218
4	219
6	219:3:6
5	218
4	218
4	219
7	218:0:0
5	219
4	218
4	219
6	219:2:6
5	218
4	218
4	219
7	218:4:0
5	219
4	218
4	219
6	219:2:6
5	218
4	218
4	219
7	218:4:4
5	219
4	218
4	219
6	219:3:6
5	218
4	218
4	219
7	218:4:1
5	219
4	218
4	219
6	219:2:6
5	218
4	218
4	219
7	218:4:3
5	219
4	218
4	219
6	219:3:6
5	218
4	218
4	219
7	218:3:1
5	219
4	218
4	219
6	219:2:0
5	218
4	218
4	219
7	218:3:3
5	219
4	218
4	219
6	219:3:4
5	218
4	218
4	219
7	218:3:0
5	219
4	218
4	219
6	219:2:2
5	218
4	218
4	219
7	218:3:4
5	219
4	218
4	219
6	219:3:2
5	218
7	218:1:0
5	219
6	219:2:4
5	218
7	218:4:2
5	219
6	219:3:0
5	218
7	218:1:4
5	219
6	219:0:2
5	218
7	218:0:1
5	219
6	219:1:3
5	218
7	218:0:4
5	219
6	219:0:0
5	218
7	218:3:2
5	219
6	219:1:2
5	218
7	218:1:1
5	219
6	219:0:2
5	218
7	218:1:3
5	219
6	219:0:4
5	218
7	218:2:2
5	218
4	218
4	219
2	218
2	219
0	J220:220:J221:221
1	J220
3	220
1	J221
3	220
3	221
9	220
9	221
4	220
4	221
5	220
5	221
6	220:0:0
6	221:0:0
7	221:0:1
7	220:0:0
7	220:2:2
4	220
4	221
5	221
6	221:0:1
5	220
7	220:3:3
5	221
6	221:3:4
5	220
7	220:2:3
5	221
6	221:2:7
5	220
7	220:3:2
5	221
6	221:2:7
5	220
7	220:2:4
5	221
6	221:2:0
5	220
7	220:3:4
5	221
6	221:3:5
6	221:0:1
5	220
7	220:4:4
5	221
6	221:0:2
5	220
7	220:4:0
5	221
6	221:0:4
5	220
7	220:4:6
7	220:4:2
5	221
6	221:1:3
5	220
7	220:3:0
5	221
6	221:1:3
5	220
7	220:2:0
5	221
6	221:1:5
5	220
7	220:1:0
5	221
6	221:1:5
5	220
7	220:0:4
5	221
6	221:0:6
5	220
7	220:4:1
5	221
6	221:2:4
5	220
7	220:1:4
5	221
6	221:3:0
6	221:3:1
6	221:3:2
6	221:3:3
6	221:3:4
6	221:3:5
6	221:3:6
6	221:1:1
5	220
7	220:0:0
5	221
6	221:1:6
5	220
7	220:0:3
5	221
6	221:1:0
5	220
7	220:0:1
5	221
6	221:2:4
5	220
7	220:1:3
5	221
6	221:2:4
5	220
7	220:2:1
5	221
6	221:2:0
5	220
7	220:3:2
8	220:8:0
8	220:8:1
8	220:8:2
8	220:8:3
8	220:8:4
8	220:8:5
8	220:8:7
8	220:8:6
5	221
6	221:0:6
5	220
8	220:13:6
5	221
6	221:3:4
5	220
8	220:13:6
5	221
6	221:3:6
5	220
8	220:6:4
5	221
6	221:0:2
5	220
5	221
4	220
4	221
2	220
2	221
0	J222:222:J223:223
1	J222
3	222
1	J223
3	222
3	223
9	222
9	223
4	222
4	223
5	222
5	223
7	222:0:2
5	223
4	222
4	223
6	223:0:0
5	222
4	222
4	223
7	222:0:3
5	223
4	222
4	223
6	223:3:6
5	222
4	222
4	223
7	222:0:0
5	223
4	222
4	223
6	223:2:6
5	222
4	222
4	223
7	222:4:0
5	223
4	222
4	223
6	223:2:6
5	222
4	222
4	223
7	222:4:4
5	223
4	222
4	223
6	223:3:6
5	222
4	222
4	223
7	222:4:1
5	223
4	222
4	223
6	223:2:6
5	222
4	222
4	223
7	222:4:3
5	223
4	222
4	223
6	223:3:6
5	222
4	222
4	223
7	222:3:1
5	223
4	222
4	223
6	223:2:0
5	222
4	222
4	223
7	222:3:3
5	223
4	222
4	223
6	223:3:4
5	222
4	222
4	223
7	222:3:0
5	223
4	222
4	223
6	223:2:2
5	222
4	222
4	223
7	222:3:4
5	223
4	222
4	223
6	223:3:2
5	222
7	222:1:0
5	223
6	223:2:4
5	222
7	222:4:2
5	223
6	223:3:0
5	222
7	222:1:4
5	223
6	223:0:2
5	222
7	222:0:1
5	223
6	223:1:3
5	222
7	222:0:4
5	223
6	223:0:0
5	222
7	222:3:2
5	223
6	223:1:2
5	222
7	222:1:1
5	223
6	223:0:2
5	222
7	222:1:3
5	223
6	223:0:4
5	222
7	222:2:2
5	222
4	222
4	223
2	222
2	223
0	J224:224:J225:225
1	J224
3	224
1	J225
3	224
3	225
9	224
9	225
4	224
4	225
5	224
5	225
6	224:0:0
6	225:0:0
7	225:0:1
7	224:0:0
7	224:2:2
4	224
4	225
5	225
6	225:0:1
5	224
7	224:3:3
5	225
6	225:3:4
5	224
7	224:2:3
5	225
6	225:2:7
5	224
7	224:3:2
5	225
6	225:2:7
5	224
7	224:2:4
5	225
6	225:2:0
5	224
7	224:3:4
5	225
6	225:3:5
6	225:0:1
5	224
7	224:4:4
5	225
6	225:0:2
5	224
7	224:4:0
5	225
6	225:0:4
5	224
7	224:4:6
7	224:4:2
5	225
6	225:1:3
5	224
7	224:3:0
5	225
6	225:1:3
5	224
7	224:2:0
5	225
6	225:1:5
5	224
7	224:1:0
5	225
6	225:1:5
5	224
7	224:0:4
5	225
6	225:0:6
5	224
7	224:4:1
5	225
6	225:2:4
5	224
7	224:1:4
5	225
6	225:3:0
6	225:3:1
6	225:3:2
6	225:3:3
6	225:3:4
6	225:3:5
6	225:3:6
6	225:1:1
5	224
7	224:0:0
5	225
6	225:1:6
5	224
7	224:0:3
5	225
6	225:1:0
5	224
7	224:0:1
5	225
6	225:2:4
5	224
7	224:1:3
5	225
6	225:2:4
5	224
7	224:2:1
5	225
6	225:2:0
5	224
7	224:3:2
8	224:8:0
8	224:8:1
8	224:8:2
8	224:8:3
8	224:8:4
8	224:8:5
8	224:8:7
8	224:8:6
5	225
6	225:0:6
5	224
8	224:13:6
5	225
6	225:3:4
5	224
8	224:13:6
5	225
6	225:3:6
5	224
8	224:6:4
5	225
6	225:0:2
5	224
5	225
4	224
4	225
2	224
2	225
0	J226:226:J227:227
1	J226
3	226
1	J227
3	226
3	227
9	226
9	227
4	226
4	227
5	226
5	227
7	226:0:2
5	227
4	226
4	227
6	227:0:0
5	226
4	226
4	227
7	226:0:3
5	227
4	226
4	227
6	227:3:6
5	226
4	226
4	227
7	226:0:0
5	227
4	226
4	227
6	227:2:6
5	226
4	226
4	227
7	226:4:0
5	227
4	226
4	227
6	227:2:6
5	226
4	226
4	227
7	226:4:4
5	227
4	226
4	227
6	227:3:6
5	226
4	226
4	227
7	226:4:1
5	227
4	226
4	227
6	227:2:6
5	226
4	226
4	227
7	226:4:3
5	227
4	226
4	227
6	227:3:6
5	226
4	226
4	227
7	226:3:1
5	227
4	226
4	227
6	227:2:0
5	226
4	226
4	227
7	226:3:3
5	227
4	226
4	227
6	227:3:4
5	226
4	226
4	227
7	226:3:0
5	227
4	226
4	227
6	227:2:2
5	226
4	226
4	227
7	226:3:4
5	227
4	226
4	227
6	227:3:2
5	226
7	226:1:0
5	227
6	227:2:4
5	226
7	226:4:2
5	227
6	227:3:0
5	226
7	226:1:4
5	227
6	227:0:2
5	226
7	226:0:1
5	227
6	227:1:3
5	226
7	226:0:4
5	227
6	227:0:0
5	226
7	226:3:2
5	227
6	227:1:2
5	226
7	226:1:1
5	227
6	227:0:2
5	226
7	226:1:3
5	227
6	227:0:4
5	226
7	226:2:2
5	226
4	226
4	227
2	226
2	227
0	J228:228:J229:229
1	J228
3	228
1	J229
3	228
3	229
9	228
9	229
4	228
4	229
5	228
5	229
6	228:0:0
6	229:0:0
7	229:0:1
7	228:0:0
7	228:2:2
4	228
4	229
5	229
6	229:0:1
5	228
7	228:3:3
5	229
6	229:3:4
5	228
7	228:2:3
5	229
6	229:2:7
5	228
7	228:3:2
5	229
6	229:2:7
5	228
7	228:2:4
5	229
6	229:2:0
5	228
7	228:3:4
5	229
6	229:3:5
6	229:0:1
5	228
7	228:4:4
5	229
6	229:0:2
5	228
7	228:4:0
5	229
6	229:0:4
5	228
7	228:4:6
7	228:4:2
5	229
6	229:1:3
5	228
7	228:3:0
5	229
6	229:1:3
5	228
7	228:2:0
5	229
6	229:1:5
5	228
7	228:1:0
5	229
6	229:1:5
5	228
7	228:0:4
5	229
6	229:0:6
5	228
7	228:4:1
5	229
6	229:2:4
5	228
7	228:1:4
5	229
6	229:3:0
6	229:3:1
6	229:3:2
6	229:3:3
6	229:3:4
6	229:3:5
6	229:3:6
6	229:1:1
5	228
7	228:0:0
5	229
6	229:1:6
5	228
7	228:0:3
5	229
6	229:1:0
5	228
7	228:0:1
5	229
6	229:2:4
5	228
7	228:1:3
5	229
6	229:2:4
5	228
7	228:2:1
5	229
6	229:2:0
5	228
7	228:3:2
8	228:8:0
8	228:8:1
8	228:8:2
8	228:8:3
8	228:8:4
8	228:8:5
8	228:8:7
8	228:8:6
5	229
6	229:0:6
5	228
8	228:13:6
5	229
6	229:3:4
5	228
8	228:13:6
5	229
6	229:3:6
5	228
8	228:6:4
5	229
6	229:0:2
5	228
5	229
4	228
4	229
2	228
2	229
0	J230:230:J231:231
1	J230
3	230
1	J231
3	230
3	231
9	230
9	231
4	230
4	231
5	230
5	231
7	230:0:2
5	231
4	230
4	231
6	231:0:0
5	230
4	230
4	231
7	230:0:3
5	231
4	230
4	231
6	231:3:6
5	230
4	230
4	231
7	230:0:0
5	231
4	230
4	231
6	231:2:6
5	230
4	230
4	231
7	230:4:0
5	231
4	230
4	231
6	231:2:6
5	230
4	230
4	231
7	230:4:4
5	231
4	230
4	231
6	231:3:6
5	230
4	230
4	231
7	230:4:1
5	231
4	230
4	231
6	231:2:6
5	230
4	230
4	231
7	230:4:3
5	231
4	230
4	231
6	231:3:6
5	230
4	230
4	231
7	230:3:1
5	231
4	230
4	231
6	231:2:0
5	230
4	230
4	231
7	230:3:3
5	231
4	230
4	231
6	231:3:4
5	230
4	230
4	231
7	230:3:0
5	231
4	230
4	231
6	231:2:2
5	230
4	230
4	231
7	230:3:4
5	231
4	230
4	231
6	231:3:2
5	230
7	230:1:0
5	231
6	231:2:4
5	230
7	230:4:2
5	231
6	231:3:0
5	230
7	230:1:4
5	231
6	231:0:2
5	230
7	230:0:1
5	231
6	231:1:3
5	230
7	230:0:4
5	231
6	231:0:0
5	230
7	230:3:2
5	231
6	231:1:2
5	230
7	230:1:1
5	231
6	231:0:2
5	230
7	230:1:3
5	231
6	231:0:4
5	230
7	230:2:2
5	230
4	230
4	231
2	230
2	231
0	J232:232:J233:233
1	J232
3	232
1	J233
3	232
3	233
9	232
9	233
4	232
4	233
5	232
5	233
6	232:0:0
6	233:0:0
7	233:0:1
7	232:0:0
7	232:2:2
4	232
4	233
5	233
6	233:0:1
5	232
7	232:3:3
5	233
6	233:3:4
5	232
7	232:2:3
5	233
6	233:2:7
5	232
7	232:3:2
5	233
6	233:2:7
5	232
7	232:2:4
5	233
6	233:2:0
5	232
7	232:3:4
5	233
6	233:3:5
6	233:0:1
5	232
7	232:4:4
5	233
6	233:0:2
5	232
7	232:4:0
5	233
6	233:0:4
5	232
7	232:4:6
7	232:4:2
5	233
6	233:1:3
5	232
7	232:3:0
5	233
6	233:1:3
5	232
7	232:2:0
5	233
6	233:1:5
5	232
7	232:1:0
5	233
6	233:1:5
5	232
7	232:0:4
5	233
6	233:0:6
5	232
7	232:4:1
5	233
6	233:2:4
5	232
7	232:1:4
5	233
6	233:3:0
6	233:3:1
6	233:3:2
6	233:3:3
6	233:3:4
6	233:3:5
6	233:3:6
6	233:1:1
5	232
7	232:0:0
5	233
6	233:1:6
5	232
7	232:0:3
5	233
6	233:1:0
5	232
7	232:0:1
5	233
6	233:2:4
5	232
7	232:1:3
5	233
6	233:2:4
5	232
7	232:2:1
5	233
6	233:2:0
5	232
7	232:3:2
8	232:8:0
8	232:8:1
8	232:8:2
8	232:8:3
8	232:8:4
8	232:8:5
8	232:8:7
8	232:8:6
5	233
6	233:0:6
5	232
8	232:13:6
5	233
6	233:3:4
5	232
8	232:13:6
5	233
6	233:3:6
5	232
8	232:6:4
5	233
6	233:0:2
5	232
5	233
4	232
4	233
2	232
2	233
0	J234:234:J235:235
1	J234
3	234
1	J235
3	234
3	235
9	234
9	235
4	234
4	235
5	234
5	235
7	234:0:2
5	235
4	234
4	235
6	235:0:0
5	234
4	234
4	235
7	234:0:3
5	235
4	234
4	235
6	235:3:6
5	234
4	234
4	235
7	234:0:0
5	235
4	234
4	235
6	235:2:6
5	234
4	234
4	235
7	234:4:0
5	235
4	234
4	235
6	235:2:6
5	234
4	234
4	235
7	234:4:4
5	235
4	234
4	235
6	235:3:6
5	234
4	234
4	235
7	234:4:1
5	235
4	234
4	235
6	235:2:6
5	234
4	234
4	235
7	234:4:3
5	235
4	234
4	235
6	235:3:6
5	234
4	234
4	235
7	234:3:1
5	235
4	234
4	235
6	235:2:0
5	234
4	234
4	235
7	234:3:3
5	235
4	234
4	235
6	235:3:4
5	234
4	234
4	235
7	234:3:0
5	235
4	234
4	235
6	235:2:2
5	234
4	234
4	235
7	234:3:4
5	235
4	234
4	235
6	235:3:2
5	234
7	234:1:0
5	235
6	235:2:4
5	234
7	234:4:2
5	235
6	235:3:0
5	234
7	234:1:4
5	235
6	235:0:2
5	234
7	234:0:1
5	235
6	235:1:3
5	234
7	234:0:4
5	235
6	235:0:0
5	234
7	234:3:2
5	235
6	235:1:2
5	234
7	234:1:1
5	235
6	235:0:2
5	234
7	234:1:3
5	235
6	235:0:4
5	234
7	234:2:2
5	234
4	234
4	235
2	234
2	235
0	J236:236:J237:237
1	J236
3	236
1	J237
3	236
3	237
9	236
9	237
4	236
4	237
5	236
5	237
6	236:0:0
6	237:0:0
7	237:0:1
7	236:0:0
7	236:2:2
4	236
4	237
5	237
6	237:0:1
5	236
7	236:3:3
5	237
6	237:3:4
5	236
7	236:2:3
5	237
6	237:2:7
5	236
7	236:3:2
5	237
6	237:2:7
5	236
7	236:2:4
5	237
6	237:2:0
5	236
7	236:3:4
5	237
6	237:3:5
6	237:0:1
5	236
7	236:4:4
5	237
6	237:0:2
5	236
7	236:4:0
5	237
6	237:0:4
5	236
7	236:4:6
7	236:4:2
5	237
6	237:1:3
5	236
7	236:3:0
5	237
6	237:1:3
5	236
7	236:2:0
5	237
6	237:1:5
5	236
7	236:1:0
5	237
6	237:1:5
5	236
7	236:0:4
5	237
6	237:0:6
5	236
7	236:4:1
5	237
6	237:2:4
5	236
7	236:1:4
5	237
6	237:3:0
6	237:3:1
6	237:3:2
6	237:3:3
6	237:3:4
6	237:3:5
6	237:3:6
6	237:1:1
5	236
7	236:0:0
5	237
6	237:1:6
5	236
7	236:0:3
5	237
6	237:1:0
5	236
7	236:0:1
5	237
6	237:2:4
5	236
7	236:1:3
5	237
6	237:2:4
5	236
7	236:2:1
5	237
6	237:2:0
5	236
7	236:3:2
8	236:8:0
8	236:8:1
8	236:8:2
8	236:8:3
8	236:8:4
8	236:8:5
8	236:8:7
8	236:8:6
5	237
6	237:0:6
5	236
8	236:13:6
5	237
6	237:3:4
5	236
8	236:13:6
5	237
6	237:3:6
5	236
8	236:6:4
5	237
6	237:0:2
5	236
5	237
4	236
4	237
2	236
2	237
0	J238:238:J239:239
1	J238
3	238
1	J239
3	238
3	239
9	238
9	239
4	238
4	239
5	238
5	239
7	238:0:2
5	239
4	238
4	239
6	239:0:0
5	238
4	238
4	239
7	238:0:3
5	239
4	238
4	239
6	239:3:6
5	238
4	238
4	239
7	238:0:0
5	239
4	238
4	239
6	239:2:6
5	238
4	238
4	239
7	238:4:0
5	239
4	238
4	239
6	239:2:6
5	238
4	238
4	239
7	238:4:4
5	239
4	238
4	239
6	239:3:6
5	238
4	238
4	239
7	238:4:1
5	239
4	238
4	239
6	239:2:6
5	238
4	238
4	239
7	238:4:3
5	239
4	238
4	239
6	239:3:6
5	238
4	238
4	239
7	238:3:1
5	239
4	238
4	239
6	239:2:0
5	238
4	238
4	239
7	238:3:3
5	239
4	238
4	239
6	239:3:4
5	238
4	238
4	239
7	238:3:0
5	239
4	238
4	239
6	239:2:2
5	238
4	238
4	239
7	238:3:4
5	239
4	238
4	239
6	239:3:2
5	238
7	238:1:0
5	239
6	239:2:4
5	238
7	238:4:2
5	239
6	239:3:0
5	238
7	238:1:4
5	239
6	239:0:2
5	238
7	238:0:1
5	239
6	239:1:3
5	238
7	238:0:4
5	239
6	239:0:0
5	238
7	238:3:2
5	239
6	239:1:2
5	238
7	238:1:1
5	239
6	239:0:2
5	238
7	238:1:3
5	239
6	239:0:4
5	238
7	238:2:2
5	238
4	238
4	239
2	238
2	239
0	J240:240:J241:241
1	J240
3	240
1	J241
3	240
3	241
9	240
9	241
4	240
4	241
5	240
5	241
6	240:0:0
6	241:0:0
7	241:0:1
7	240:0:0
7	240:2:2
4	240
4	241
5	241
6	241:0:1
5	240
7	240:3:3
5	241
6	241:3:4
5	240
7	240:2:3
5	241
6	241:2:7
5	240
7	240:3:2
5	241
6	241:2:7
5	240
7	240:2:4
5	241
6	241:2:0
5	240
7	240:3:4
5	241
6	241:3:5
6	241:0:1
5	240
7	240:4:4
5	241
6	241:0:2
5	240
7	240:4:0
5	241
6	241:0:4
5	240
7	240:4:6
7	240:4:2
5	241
6	241:1:3
5	240
7	240:3:0
5	241
6	241:1:3
5	240
7	240:2:0
5	241
6	241:1:5
5	240
7	240:1:0
5	241
6	241:1:5
5	240
7	240:0:4
5	241
6	241:0:6
5	240
7	240:4:1
5	241
6	241:2:4
5	240
7	240:1:4
5	241
6	241:3:0
6	241:3:1
6	241:3:2
6	241:3:3
6	241:3:4
6	241:3:5
6	241:3:6
6	241:1:1
5	240
7	240:0:0
5	241
6	241:1:6
5	240
7	240:0:3
5	241
6	241:1:0
5	240
7	240:0:1
5	241
6	241:2:4
5	240
7	240:1:3
5	241
6	241:2:4
5	240
7	240:2:1
5	241
6	241:2:0
5	240
7	240:3:2
8	240:8:0
8	240:8:1
8	240:8:2
8	240:8:3
8	240:8:4
8	240:8:5
8	240:8:7
8	240:8:6
5	241
6	241:0:6
5	240
8	240:13:6
5	241
6	241:3:4
5	240
8	240:13:6
5	241
6	241:3:6
5	240
8	240:6:4
5	241
6	241:0:2
5	240
5	241
4	240
4	241
2	240
2	241
0	J242:242:J243:243
1	J242
3	242
1	J243
3	242
3	243
9	242
9	243
4	242
4	243
5	242
5	243
7	242:0:2
5	243
4	242
4	243
6	243:0:0
5	242
4	242
4	243
7	242:0:3
5	243
4	242
4	243
6	243:3:6
5	242
4	242
4	243
7	242:0:0
5	243
4	242
4	243
6	243:2:6
5	242
4	242
4	243
7	242:4:0
5	243
4	242
4	243
6	243:2:6
5	242
4	242
4	243
7	242:4:4
5	243
4	242
4	243
6	243:3:6
5	242
4	242
4	243
7	242:4:1
5	243
4	242
4	243
6	243:2:6
5	242
4	242
4	243
7	242:4:3
5	243
4	242
4	243
6	243:3:6
5	242
4	242
4	243
7	242:3:1
5	243
4	242
4	243
6	243:2:0
5	242
4	242
4	243
7	242:3:3
5	243
4	242
4	243
6	243:3:4
5	242
4	242
4	243
7	242:3:0
5	243
4	242
4	243
6	243:2:2
5	242
4	242
4	243
7	242:3:4
5	243
4	242
4	243
6	243:3:2
5	242
7	242:1:0
5	243
6	243:2:4
5	242
7	242:4:2
5	243
6	243:3:0
5	242
7	242:1:4
5	243
6	243:0:2
5	242
7	242:0:1
5	243
6	243:1:3
5	242
7	242:0:4
5	243
6	243:0:0
5	242
7	242:3:2
5	243
6	243:1:2
5	242
7	242:1:1
5	243
6	243:0:2
5	242
7	242:1:3
5	243
6	243:0:4
5	242
7	242:2:2
5	242
4	242
4	243
2	242
2	243
0	J244:244:J245:245
1	J244
3	244
1	J245
3	244
3	245
9	244
9	245
4	244
4	245
5	244
5	245
6	244:0:0
6	245:0:0
7	245:0:1
7	244:0:0
7	244:2:2
4	244
4	245
5	245
6	245:0:1
5	244
7	244:3:3
5	245
6	245:3:4
5	244
7	244:2:3
5	245
6	245:2:7
5	244
7	244:3:2
5	245
6	245:2:7
5	244
7	244:2:4
5	245
6	245:2:0
5	244
7	244:3:4
5	245
6	245:3:5
6	245:0:1
5	244
7	244:4:4
5	245
6	245:0:2
5	244
7	244:4:0
5	245
6	245:0:4
5	244
7	244:4:6
7	244:4:2
5	245
6	245:1:3
5	244
7	244:3:0
5	245
6	245:1:3
5	244
7	244:2:0
5	245
6	245:1:5
5	244
7	244:1:0
5	245
6	245:1:5
5	244
7	244:0:4
5	245
6	245:0:6
5	244
7	244:4:1
5	245
6	245:2:4
5	244
7	244:1:4
5	245
6	245:3:0
6	245:3:1
6	245:3:2
6	245:3:3
6	245:3:4
6	245:3:5
6	245:3:6
6	245:1:1
5	244
7	244:0:0
5	245
6	245:1:6
5	244
7	244:0:3
5	245
6	245:1:0
5	244
7	244:0:1
5	245
6	245:2:4
5	244
7	244:1:3
5	245
6	245:2:4
5	244
7	244:2:1
5	245
6	245:2:0
5	244
7	244:3:2
8	244:8:0
8	244:8:1
8	244:8:2
8	244:8:3
8	244:8:4
8	244:8:5
8	244:8:7
8	244:8:6
5	245
6	245:0:6
5	244
8	244:13:6
5	245
6	245:3:4
5	244
8	244:13:6
5	245
6	245:3:6
5	244
8	244:6:4
5	245
6	245:0:2
5	244
5	245
4	244
4	245
2	244
2	245
0	J246:246:J247:247
1	J246
3	246
1	J247
3	246
3	247
9	246
9	247
4	246
4	247
5	246
5	247
7	246:0:2
5	247
4	246
4	247
6	247:0:0
5	246
4	246
4	247
7	246:0:3
5	247
4	246
4	247
6	247:3:6
5	246
4	246
4	247
7	246:0:0
5	247
4	246
4	247
6	247:2:6
5	246
4	246
4	247
7	246:4:0
5	247
4	246
4	247
6	247:2:6
5	246
4	246
4	247
7	246:4:4
5	247
4	246
4	247
6	247:3:6
5	246
4	246
4	247
7	246:4:1
5	247
4	246
4	247
6	247:2:6
5	246
4	246
4	247
7	246:4:3
5	247
4	246
4	247
6	247:3:6
5	246
4	246
4	247
7	246:3:1
5	247
4	246
4	247
6	247:2:0
5	246
4	246
4	247
7	246:3:3
5	247
4	246
4	247
6	247:3:4
5	246
4	246
4	247
7	246:3:0
5	247
4	246
4	247
6	247:2:2
5	246
4	246
4	247
7	246:3:4
5	247
4	246
4	247
6	247:3:2
5	246
7	246:1:0
5	247
6	247:2:4
5	246
7	246:4:2
5	247
6	247:3:0
5	246
7	246:1:4
5	247
6	247:0:2
5	246
7	246:0:1
5	247
6	247:1:3
5	246
7	246:0:4
5	247
6	247:0:0
5	246
7	246:3:2
5	247
6	247:1:2
5	246
7	246:1:1
5	247
6	247:0:2
5	246
7	246:1:3
5	247
6	247:0:4
5	246
7	246:2:2
5	246
4	246
4	247
2	246
2	247
0	J248:248:J249:249
1	J248
3	248
1	J249
3	248
3	249
9	248
9	249
4	248
4	249
5	248
5	249
6	248:0:0
6	249:0:0
7	249:0:1
7	248:0:0
7	248:2:2
4	248
4	249
5	249
6	249:0:1
5	248
7	248:3:3
5	249
6	249:3:4
5	248
7	248:2:3
5	249
6	249:2:7
5	248
7	248:3:2
5	249
6	249:2:7
5	248
7	248:2:4
5	249
6	249:2:0
5	248
7	248:3:4
5	249
6	249:3:5
6	249:0:1
5	248
7	248:4:4
5	249
6	249:0:2
5	248
7	248:4:0
5	249
6	249:0:4
5	248
7	248:4:6
7	248:4:2
5	249
6	249:1:3
5	248
7	248:3:0
5	249
6	249:1:3
5	248
7	248:2:0
5	249
6	249:1:5
5	248
7	248:1:0
5	249
6	249:1:5
5	248
7	248:0:4
5	249
6	249:0:6
5	248
7	248:4:1
5	249
6	249:2:4
5	248
7	248:1:4
5	249
6	249:3:0
6	249:3:1
6	249:3:2
6	249:3:3
6	249:3:4
6	249:3:5
6	249:3:6
6	249:1:1
5	248
7	248:0:0
5	249
6	249:1:6
5	248
7	248:0:3
5	249
6	249:1:0
5	248
7	248:0:1
5	249
6	249:2:4
5	248
7	248:1:3
5	249
6	249:2:4
5	248
7	248:2:1
5	249
6	249:2:0
5	248
7	248:3:2
8	248:8:0
8	248:8:1
8	248:8:2
8	248:8:3
8	248:8:4
8	248:8:5
8	248:8:7
8	248:8:6
5	249
6	249:0:6
5	248
8	248:13:6
5	249
6	249:3:4
5	248
8	248:13:6
5	249
6	249:3:6
5	248
8	248:6:4
5	249
6	249:0:2
5	248
5	249
4	248
4	249
2	248
2	249
