3400
0	J300:300:J301:301
0	J302:302:J303:303
0	J304:304:J305:305
0	J306:306:J307:307
0	J308:308:J309:309
0	J310:310:J311:311
0	J312:312:J313:313
0	J314:314:J315:315
0	J316:316:J317:317
0	J318:318:J319:319
0	J320:320:J321:321
0	J322:322:J323:323
0	J324:324:J325:325
0	J326:326:J327:327
0	J328:328:J329:329
0	J330:330:J331:331
0	J332:332:J333:333
0	J334:334:J335:335
0	J336:336:J337:337
0	J338:338:J339:339
0	J340:340:J341:341
0	J342:342:J343:343
0	J344:344:J345:345
0	J346:346:J347:347
0	J348:348:J349:349
1	J300
1	J302
1	J304
1	J306
1	J308
1	J310
1	J312
1	J314
1	J316
1	J318
1	J320
1	J322
1	J324
1	J326
1	J328
1	J330
1	J332
1	J334
1	J336
1	J338
1	J340
1	J342
1	J344
1	J346
1	J348
3	300
3	302
3	304
3	306
3	308
3	310
3	312
3	314
3	316
3	318
3	320
3	322
3	324
3	326
3	328
3	330
3	332
3	334
3	336
3	338
3	340
3	342
3	344
3	346
3	348
1	J301
1	J303
1	J305
1	J307
1	J309
1	J311
1	J313
1	J315
1	J317
1	J319
1	J321
1	J323
1	J325
1	J327
1	J329
1	J331
1	J333
1	J335
1	J337
1	J339
1	J341
1	J343
1	J345
1	J347
1	J349
3	300
3	302
3	304
3	306
3	308
3	310
3	312
3	314
3	316
3	318
3	320
3	322
3	324
3	326
3	328
3	330
3	332
3	334
3	336
3	338
3	340
3	342
3	344
3	346
3	348
3	301
3	303
3	305
3	307
3	309
3	311
3	313
3	315
3	317
3	319
3	321
3	323
3	325
3	327
3	329
3	331
3	333
3	335
3	337
3	339
3	341
3	343
3	345
3	347
3	349
9	300
9	302
9	304
9	306
9	308
9	310
9	312
9	314
9	316
9	318
9	320
9	322
9	324
9	326
9	328
9	330
9	332
9	334
9	336
9	338
9	340
9	342
9	344
9	346
9	348
9	301
9	303
9	305
9	307
9	309
9	311
9	313
9	315
9	317
9	319
9	321
9	323
9	325
9	327
9	329
9	331
9	333
9	335
9	337
9	339
9	341
9	343
9	345
9	347
9	349
4	300
4	302
4	304
4	306
4	308
4	310
4	312
4	314
4	316
4	318
4	320
4	322
4	324
4	326
4	328
4	330
4	332
4	334
4	336
4	338
4	340
4	342
4	344
4	346
4	348
4	301
4	303
4	305
4	307
4	309
4	311
4	313
4	315
4	317
4	319
4	321
4	323
4	325
4	327
4	329
4	331
4	333
4	335
4	337
4	339
4	341
4	343
4	345
4	347
4	349
5	300
5	302
5	304
5	306
5	308
5	310
5	312
5	314
5	316
5	318
5	320
5	322
5	324
5	326
5	328
5	330
5	332
5	334
5	336
5	338
5	340
5	342
5	344
5	346
5	348
5	301
5	303
5	305
5	307
5	309
5	311
5	313
5	315
5	317
5	319
5	321
5	323
5	325
5	327
5	329
5	331
5	333
5	335
5	337
5	339
5	341
5	343
5	345
5	347
5	349
7	300:0:2
6	302:0:0
7	304:0:2
6	306:0:0
7	308:0:2
6	310:0:0
7	312:0:2
6	314:0:0
7	316:0:2
6	318:0:0
7	320:0:2
6	322:0:0
7	324:0:2
6	326:0:0
7	328:0:2
6	330:0:0
7	332:0:2
6	334:0:0
7	336:0:2
6	338:0:0
7	340:0:2
6	342:0:0
7	344:0:2
6	346:0:0
7	348:0:2
5	301
6	303:0:0
5	305
6	307:0:0
5	309
6	311:0:0
5	313
6	315:0:0
5	317
6	319:0:0
5	321
6	323:0:0
5	325
6	327:0:0
5	329
6	331:0:0
5	333
6	335:0:0
5	337
6	339:0:0
5	341
6	343:0:0
5	345
6	347:0:0
5	349
4	300
7	303:0:1
4	304
7	307:0:1
4	308
7	311:0:1
4	312
7	315:0:1
4	316
7	319:0:1
4	320
7	323:0:1
4	324
7	327:0:1
4	328
7	331:0:1
4	332
7	335:0:1
4	336
7	339:0:1
4	340
7	343:0:1
4	344
7	347:0:1
4	348
4	301
7	302:0:0
4	305
7	306:0:0
4	309
7	310:0:0
4	313
7	314:0:0
4	317
7	318:0:0
4	321
7	322:0:0
4	325
7	326:0:0
4	329
7	330:0:0
4	333
7	334:0:0
4	337
7	338:0:0
4	341
7	342:0:0
4	345
7	346:0:0
4	349
6	301:0:0
7	302:2:2
6	305:0:0
7	306:2:2
6	309:0:0
7	310:2:2
6	313:0:0
7	314:2:2
6	317:0:0
7	318:2:2
6	321:0:0
7	322:2:2
6	325:0:0
7	326:2:2
6	329:0:0
7	330:2:2
6	333:0:0
7	334:2:2
6	337:0:0
7	338:2:2
6	341:0:0
7	342:2:2
6	345:0:0
7	346:2:2
6	349:0:0
5	300
4	302
5	304
4	306
5	308
4	310
5	312
4	314
5	316
4	318
5	320
4	322
5	324
4	326
5	328
4	330
5	332
4	334
5	336
4	338
5	340
4	342
5	344
4	346
5	348
4	300
4	303
4	304
4	307
4	308
4	311
4	312
4	315
4	316
4	319
4	320
4	323
4	324
4	327
4	328
4	331
4	332
4	335
4	336
4	339
4	340
4	343
4	344
4	347
4	348
4	301
5	303
4	305
5	307
4	309
5	311
4	313
5	315
4	317
5	319
4	321
5	323
4	325
5	327
4	329
5	331
4	333
5	335
4	337
5	339
4	341
5	343
4	345
5	347
4	349
7	300:0:3
6	303:0:1
7	304:0:3
6	307:0:1
7	308:0:3
6	311:0:1
7	312:0:3
6	315:0:1
7	316:0:3
6	319:0:1
7	320:0:3
6	323:0:1
7	324:0:3
6	327:0:1
7	328:0:3
6	331:0:1
7	332:0:3
6	335:0:1
7	336:0:3
6	339:0:1
7	340:0:3
6	343:0:1
7	344:0:3
6	347:0:1
7	348:0:3
5	301
5	302
5	305
5	306
5	309
5	310
5	313
5	314
5	317
5	318
5	321
5	322
5	325
5	326
5	329
5	330
5	333
5	334
5	337
5	338
5	341
5	342
5	345
5	346
5	349
4	300
7	302:3:3
4	304
7	306:3:3
4	308
7	310:3:3
4	312
7	314:3:3
4	316
7	318:3:3
4	320
7	322:3:3
4	324
7	326:3:3
4	328
7	330:3:3
4	332
7	334:3:3
4	336
7	338:3:3
4	340
7	342:3:3
4	344
7	346:3:3
4	348
4	301
5	303
4	305
5	307
4	309
5	311
4	313
5	315
4	317
5	319
4	321
5	323
4	325
5	327
4	329
5	331
4	333
5	335
4	337
5	339
4	341
5	343
4	345
5	347
4	349
6	301:3:6
6	303:3:4
6	305:3:6
6	307:3:4
6	309:3:6
6	311:3:4
6	313:3:6
6	315:3:4
6	317:3:6
6	319:3:4
6	321:3:6
6	323:3:4
6	325:3:6
6	327:3:4
6	329:3:6
6	331:3:4
6	333:3:6
6	335:3:4
6	337:3:6
6	339:3:4
6	341:3:6
6	343:3:4
6	345:3:6
6	347:3:4
6	349:3:6
5	300
5	302
5	304
5	306
5	308
5	310
5	312
5	314
5	316
5	318
5	320
5	322
5	324
5	326
5	328
5	330
5	332
5	334
5	336
5	338
5	340
5	342
5	344
5	346
5	348
4	300
7	302:2:3
4	304
7	306:2:3
4	308
7	310:2:3
4	312
7	314:2:3
4	316
7	318:2:3
4	320
7	322:2:3
4	324
7	326:2:3
4	328
7	330:2:3
4	332
7	334:2:3
4	336
7	338:2:3
4	340
7	342:2:3
4	344
7	346:2:3
4	348
4	301
5	303
4	305
5	307
4	309
5	311
4	313
5	315
4	317
5	319
4	321
5	323
4	325
5	327
4	329
5	331
4	333
5	335
4	337
5	339
4	341
5	343
4	345
5	347
4	349
7	300:0:0
6	303:2:7
7	304:0:0
6	307:2:7
7	308:0:0
6	311:2:7
7	312:0:0
6	315:2:7
7	316:0:0
6	319:2:7
7	320:0:0
6	323:2:7
7	324:0:0
6	327:2:7
7	328:0:0
6	331:2:7
7	332:0:0
6	335:2:7
7	336:0:0
6	339:2:7
7	340:0:0
6	343:2:7
7	344:0:0
6	347:2:7
7	348:0:0
5	301
5	302
5	305
5	306
5	309
5	310
5	313
5	314
5	317
5	318
5	321
5	322
5	325
5	326
5	329
5	330
5	333
5	334
5	337
5	338
5	341
5	342
5	345
5	346
5	349
4	300
7	302:3:2
4	304
7	306:3:2
4	308
7	310:3:2
4	312
7	314:3:2
4	316
7	318:3:2
4	320
7	322:3:2
4	324
7	326:3:2
4	328
7	330:3:2
4	332
7	334:3:2
4	336
7	338:3:2
4	340
7	342:3:2
4	344
7	346:3:2
4	348
4	301
5	303
4	305
5	307
4	309
5	311
4	313
5	315
4	317
5	319
4	321
5	323
4	325
5	327
4	329
5	331
4	333
5	335
4	337
5	339
4	341
5	343
4	345
5	347
4	349
6	301:2:6
6	303:2:7
6	305:2:6
6	307:2:7
6	309:2:6
6	311:2:7
6	313:2:6
6	315:2:7
6	317:2:6
6	319:2:7
6	321:2:6
6	323:2:7
6	325:2:6
6	327:2:7
6	329:2:6
6	331:2:7
6	333:2:6
6	335:2:7
6	337:2:6
6	339:2:7
6	341:2:6
6	343:2:7
6	345:2:6
6	347:2:7
6	349:2:6
5	300
5	302
5	304
5	306
5	308
5	310
5	312
5	314
5	316
5	318
5	320
5	322
5	324
5	326
5	328
5	330
5	332
5	334
5	336
5	338
5	340
5	342
5	344
5	346
5	348
4	300
7	302:2:4
4	304
7	306:2:4
4	308
7	310:2:4
4	312
7	314:2:4
4	316
7	318:2:4
4	320
7	322:2:4
4	324
7	326:2:4
4	328
7	330:2:4
4	332
7	334:2:4
4	336
7	338:2:4
4	340
7	342:2:4
4	344
7	346:2:4
4	348
4	301
5	303
4	305
5	307
4	309
5	311
4	313
5	315
4	317
5	319
4	321
5	323
4	325
5	327
4	329
5	331
4	333
5	335
4	337
5	339
4	341
5	343
4	345
5	347
4	349
7	300:4:0
6	303:2:0
7	304:4:0
6	307:2:0
7	308:4:0
6	311:2:0
7	312:4:0
6	315:2:0
7	316:4:0
6	319:2:0
7	320:4:0
6	323:2:0
7	324:4:0
6	327:2:0
7	328:4:0
6	331:2:0
7	332:4:0
6	335:2:0
7	336:4:0
6	339:2:0
7	340:4:0
6	343:2:0
7	344:4:0
6	347:2:0
7	348:4:0
5	301
5	302
5	305
5	306
5	309
5	310
5	313
5	314
5	317
5	318
5	321
5	322
5	325
5	326
5	329
5	330
5	333
5	334
5	337
5	338
5	341
5	342
5	345
5	346
5	349
4	300
7	302:3:4
4	304
7	306:3:4
4	308
7	310:3:4
4	312
7	314:3:4
4	316
7	318:3:4
4	320
7	322:3:4
4	324
7	326:3:4
4	328
7	330:3:4
4	332
7	334:3:4
4	336
7	338:3:4
4	340
7	342:3:4
4	344
7	346:3:4
4	348
4	301
5	303
4	305
5	307
4	309
5	311
4	313
5	315
4	317
5	319
4	321
5	323
4	325
5	327
4	329
5	331
4	333
5	335
4	337
5	339
4	341
5	343
4	345
5	347
4	349
6	301:2:6
6	303:3:5
6	305:2:6
6	307:3:5
6	309:2:6
6	311:3:5
6	313:2:6
6	315:3:5
6	317:2:6
6	319:3:5
6	321:2:6
6	323:3:5
6	325:2:6
6	327:3:5
6	329:2:6
6	331:3:5
6	333:2:6
6	335:3:5
6	337:2:6
6	339:3:5
6	341:2:6
6	343:3:5
6	345:2:6
6	347:3:5
6	349:2:6
5	300
6	303:0:1
5	304
6	307:0:1
5	308
6	311:0:1
5	312
6	315:0:1
5	316
6	319:0:1
5	320
6	323:0:1
5	324
6	327:0:1
5	328
6	331:0:1
5	332
6	335:0:1
5	336
6	339:0:1
5	340
6	343:0:1
5	344
6	347:0:1
5	348
4	300
5	302
4	304
5	306
4	308
5	310
4	312
5	314
4	316
5	318
4	320
5	322
4	324
5	326
4	328
5	330
4	332
5	334
4	336
5	338
4	340
5	342
4	344
5	346
4	348
4	301
7	302:4:4
4	305
7	306:4:4
4	309
7	310:4:4
4	313
7	314:4:4
4	317
7	318:4:4
4	321
7	322:4:4
4	325
7	326:4:4
4	329
7	330:4:4
4	333
7	334:4:4
4	337
7	338:4:4
4	341
7	342:4:4
4	345
7	346:4:4
4	349
7	300:4:4
5	303
7	304:4:4
5	307
7	308:4:4
5	311
7	312:4:4
5	315
7	316:4:4
5	319
7	320:4:4
5	323
7	324:4:4
5	327
7	328:4:4
5	331
7	332:4:4
5	335
7	336:4:4
5	339
7	340:4:4
5	343
7	344:4:4
5	347
7	348:4:4
5	301
6	303:0:2
5	305
6	307:0:2
5	309
6	311:0:2
5	313
6	315:0:2
5	317
6	319:0:2
5	321
6	323:0:2
5	325
6	327:0:2
5	329
6	331:0:2
5	333
6	335:0:2
5	337
6	339:0:2
5	341
6	343:0:2
5	345
6	347:0:2
5	349
4	300
5	302
4	304
5	306
4	308
5	310
4	312
5	314
4	316
5	318
4	320
5	322
4	324
5	326
4	328
5	330
4	332
5	334
4	336
5	338
4	340
5	342
4	344
5	346
4	348
4	301
7	302:4:0
4	305
7	306:4:0
4	309
7	310:4:0
4	313
7	314:4:0
4	317
7	318:4:0
4	321
7	322:4:0
4	325
7	326:4:0
4	329
7	330:4:0
4	333
7	334:4:0
4	337
7	338:4:0
4	341
7	342:4:0
4	345
7	346:4:0
4	349
6	301:3:6
5	303
6	305:3:6
5	307
6	309:3:6
5	311
6	313:3:6
5	315
6	317:3:6
5	319
6	321:3:6
5	323
6	325:3:6
5	327
6	329:3:6
5	331
6	333:3:6
5	335
6	337:3:6
5	339
6	341:3:6
5	343
6	345:3:6
5	347
6	349:3:6
5	300
6	303:0:4
5	304
6	307:0:4
5	308
6	311:0:4
5	312
6	315:0:4
5	316
6	319:0:4
5	320
6	323:0:4
5	324
6	327:0:4
5	328
6	331:0:4
5	332
6	335:0:4
5	336
6	339:0:4
5	340
6	343:0:4
5	344
6	347:0:4
5	348
4	300
5	302
4	304
5	306
4	308
5	310
4	312
5	314
4	316
5	318
4	320
5	322
4	324
5	326
4	328
5	330
4	332
5	334
4	336
5	338
4	340
5	342
4	344
5	346
4	348
4	301
7	302:4:6
4	305
7	306:4:6
4	309
7	310:4:6
4	313
7	314:4:6
4	317
7	318:4:6
4	321
7	322:4:6
4	325
7	326:4:6
4	329
7	330:4:6
4	333
7	334:4:6
4	337
7	338:4:6
4	341
7	342:4:6
4	345
7	346:4:6
4	349
7	300:4:1
7	302:4:2
7	304:4:1
7	306:4:2
7	308:4:1
7	310:4:2
7	312:4:1
7	314:4:2
7	316:4:1
7	318:4:2
7	320:4:1
7	322:4:2
7	324:4:1
7	326:4:2
7	328:4:1
7	330:4:2
7	332:4:1
7	334:4:2
7	336:4:1
7	338:4:2
7	340:4:1
7	342:4:2
7	344:4:1
7	346:4:2
7	348:4:1
5	301
5	303
5	305
5	307
5	309
5	311
5	313
5	315
5	317
5	319
5	321
5	323
5	325
5	327
5	329
5	331
5	333
5	335
5	337
5	339
5	341
5	343
5	345
5	347
5	349
4	300
6	303:1:3
4	304
6	307:1:3
4	308
6	311:1:3
4	312
6	315:1:3
4	316
6	319:1:3
4	320
6	323:1:3
4	324
6	327:1:3
4	328
6	331:1:3
4	332
6	335:1:3
4	336
6	339:1:3
4	340
6	343:1:3
4	344
6	347:1:3
4	348
4	301
5	302
4	305
5	306
4	309
5	310
4	313
5	314
4	317
5	318
4	321
5	322
4	325
5	326
4	329
5	330
4	333
5	334
4	337
5	338
4	341
5	342
4	345
5	346
4	349
6	301:2:6
7	302:3:0
6	305:2:6
7	306:3:0
6	309:2:6
7	310:3:0
6	313:2:6
7	314:3:0
6	317:2:6
7	318:3:0
6	321:2:6
7	322:3:0
6	325:2:6
7	326:3:0
6	329:2:6
7	330:3:0
6	333:2:6
7	334:3:0
6	337:2:6
7	338:3:0
6	341:2:6
7	342:3:0
6	345:2:6
7	346:3:0
6	349:2:6
5	300
5	303
5	304
5	307
5	308
5	311
5	312
5	315
5	316
5	319
5	320
5	323
5	324
5	327
5	328
5	331
5	332
5	335
5	336
5	339
5	340
5	343
5	344
5	347
5	348
4	300
6	303:1:3
4	304
6	307:1:3
4	308
6	311:1:3
4	312
6	315:1:3
4	316
6	319:1:3
4	320
6	323:1:3
4	324
6	327:1:3
4	328
6	331:1:3
4	332
6	335:1:3
4	336
6	339:1:3
4	340
6	343:1:3
4	344
6	347:1:3
4	348
4	301
5	302
4	305
5	306
4	309
5	310
4	313
5	314
4	317
5	318
4	321
5	322
4	325
5	326
4	329
5	330
4	333
5	334
4	337
5	338
4	341
5	342
4	345
5	346
4	349
7	300:4:3
7	302:2:0
7	304:4:3
7	306:2:0
7	308:4:3
7	310:2:0
7	312:4:3
7	314:2:0
7	316:4:3
7	318:2:0
7	320:4:3
7	322:2:0
7	324:4:3
7	326:2:0
7	328:4:3
7	330:2:0
7	332:4:3
7	334:2:0
7	336:4:3
7	338:2:0
7	340:4:3
7	342:2:0
7	344:4:3
7	346:2:0
7	348:4:3
5	301
5	303
5	305
5	307
5	309
5	311
5	313
5	315
5	317
5	319
5	321
5	323
5	325
5	327
5	329
5	331
5	333
5	335
5	337
5	339
5	341
5	343
5	345
5	347
5	349
4	300
6	303:1:5
4	304
6	307:1:5
4	308
6	311:1:5
4	312
6	315:1:5
4	316
6	319:1:5
4	320
6	323:1:5
4	324
6	327:1:5
4	328
6	331:1:5
4	332
6	335:1:5
4	336
6	339:1:5
4	340
6	343:1:5
4	344
6	347:1:5
4	348
4	301
5	302
4	305
5	306
4	309
5	310
4	313
5	314
4	317
5	318
4	321
5	322
4	325
5	326
4	329
5	330
4	333
5	334
4	337
5	338
4	341
5	342
4	345
5	346
4	349
6	301:3:6
7	302:1:0
6	305:3:6
7	306:1:0
6	309:3:6
7	310:1:0
6	313:3:6
7	314:1:0
6	317:3:6
7	318:1:0
6	321:3:6
7	322:1:0
6	325:3:6
7	326:1:0
6	329:3:6
7	330:1:0
6	333:3:6
7	334:1:0
6	337:3:6
7	338:1:0
6	341:3:6
7	342:1:0
6	345:3:6
7	346:1:0
6	349:3:6
5	300
5	303
5	304
5	307
5	308
5	311
5	312
5	315
5	316
5	319
5	320
5	323
5	324
5	327
5	328
5	331
5	332
5	335
5	336
5	339
5	340
5	343
5	344
5	347
5	348
4	300
6	303:1:5
4	304
6	307:1:5
4	308
6	311:1:5
4	312
6	315:1:5
4	316
6	319:1:5
4	320
6	323:1:5
4	324
6	327:1:5
4	328
6	331:1:5
4	332
6	335:1:5
4	336
6	339:1:5
4	340
6	343:1:5
4	344
6	347:1:5
4	348
4	301
5	302
4	305
5	306
4	309
5	310
4	313
5	314
4	317
5	318
4	321
5	322
4	325
5	326
4	329
5	330
4	333
5	334
4	337
5	338
4	341
5	342
4	345
5	346
4	349
7	300:3:1
7	302:0:4
7	304:3:1
7	306:0:4
7	308:3:1
7	310:0:4
7	312:3:1
7	314:0:4
7	316:3:1
7	318:0:4
7	320:3:1
7	322:0:4
7	324:3:1
7	326:0:4
7	328:3:1
7	330:0:4
7	332:3:1
7	334:0:4
7	336:3:1
7	338:0:4
7	340:3:1
7	342:0:4
7	344:3:1
7	346:0:4
7	348:3:1
5	301
5	303
5	305
5	307
5	309
5	311
5	313
5	315
5	317
5	319
5	321
5	323
5	325
5	327
5	329
5	331
5	333
5	335
5	337
5	339
5	341
5	343
5	345
5	347
5	349
4	300
6	303:0:6
4	304
6	307:0:6
4	308
6	311:0:6
4	312
6	315:0:6
4	316
6	319:0:6
4	320
6	323:0:6
4	324
6	327:0:6
4	328
6	331:0:6
4	332
6	335:0:6
4	336
6	339:0:6
4	340
6	343:0:6
4	344
6	347:0:6
4	348
4	301
5	302
4	305
5	306
4	309
5	310
4	313
5	314
4	317
5	318
4	321
5	322
4	325
5	326
4	329
5	330
4	333
5	334
4	337
5	338
4	341
5	342
4	345
5	346
4	349
6	301:2:0
7	302:4:1
6	305:2:0
7	306:4:1
6	309:2:0
7	310:4:1
6	313:2:0
7	314:4:1
6	317:2:0
7	318:4:1
6	321:2:0
7	322:4:1
6	325:2:0
7	326:4:1
6	329:2:0
7	330:4:1
6	333:2:0
7	334:4:1
6	337:2:0
7	338:4:1
6	341:2:0
7	342:4:1
6	345:2:0
7	346:4:1
6	349:2:0
5	300
5	303
5	304
5	307
5	308
5	311
5	312
5	315
5	316
5	319
5	320
5	323
5	324
5	327
5	328
5	331
5	332
5	335
5	336
5	339
5	340
5	343
5	344
5	347
5	348
4	300
6	303:2:4
4	304
6	307:2:4
4	308
6	311:2:4
4	312
6	315:2:4
4	316
6	319:2:4
4	320
6	323:2:4
4	324
6	327:2:4
4	328
6	331:2:4
4	332
6	335:2:4
4	336
6	339:2:4
4	340
6	343:2:4
4	344
6	347:2:4
4	348
4	301
5	302
4	305
5	306
4	309
5	310
4	313
5	314
4	317
5	318
4	321
5	322
4	325
5	326
4	329
5	330
4	333
5	334
4	337
5	338
4	341
5	342
4	345
5	346
4	349
7	300:3:3
7	302:1:4
7	304:3:3
7	306:1:4
7	308:3:3
7	310:1:4
7	312:3:3
7	314:1:4
7	316:3:3
7	318:1:4
7	320:3:3
7	322:1:4
7	324:3:3
7	326:1:4
7	328:3:3
7	330:1:4
7	332:3:3
7	334:1:4
7	336:3:3
7	338:1:4
7	340:3:3
7	342:1:4
7	344:3:3
7	346:1:4
7	348:3:3
5	301
5	303
5	305
5	307
5	309
5	311
5	313
5	315
5	317
5	319
5	321
5	323
5	325
5	327
5	329
5	331
5	333
5	335
5	337
5	339
5	341
5	343
5	345
5	347
5	349
4	300
6	303:3:0
4	304
6	307:3:0
4	308
6	311:3:0
4	312
6	315:3:0
4	316
6	319:3:0
4	320
6	323:3:0
4	324
6	327:3:0
4	328
6	331:3:0
4	332
6	335:3:0
4	336
6	339:3:0
4	340
6	343:3:0
4	344
6	347:3:0
4	348
4	301
6	303:3:1
4	305
6	307:3:1
4	309
6	311:3:1
4	313
6	315:3:1
4	317
6	319:3:1
4	321
6	323:3:1
4	325
6	327:3:1
4	329
6	331:3:1
4	333
6	335:3:1
4	337
6	339:3:1
4	341
6	343:3:1
4	345
6	347:3:1
4	349
6	301:3:4
6	303:3:2
6	305:3:4
6	307:3:2
6	309:3:4
6	311:3:2
6	313:3:4
6	315:3:2
6	317:3:4
6	319:3:2
6	321:3:4
6	323:3:2
6	325:3:4
6	327:3:2
6	329:3:4
6	331:3:2
6	333:3:4
6	335:3:2
6	337:3:4
6	339:3:2
6	341:3:4
6	343:3:2
6	345:3:4
6	347:3:2
6	349:3:4
5	300
6	303:3:3
5	304
6	307:3:3
5	308
6	311:3:3
5	312
6	315:3:3
5	316
6	319:3:3
5	320
6	323:3:3
5	324
6	327:3:3
5	328
6	331:3:3
5	332
6	335:3:3
5	336
6	339:3:3
5	340
6	343:3:3
5	344
6	347:3:3
5	348
4	300
6	303:3:4
4	304
6	307:3:4
4	308
6	311:3:4
4	312
6	315:3:4
4	316
6	319:3:4
4	320
6	323:3:4
4	324
6	327:3:4
4	328
6	331:3:4
4	332
6	335:3:4
4	336
6	339:3:4
4	340
6	343:3:4
4	344
6	347:3:4
4	348
4	301
6	303:3:5
4	305
6	307:3:5
4	309
6	311:3:5
4	313
6	315:3:5
4	317
6	319:3:5
4	321
6	323:3:5
4	325
6	327:3:5
4	329
6	331:3:5
4	333
6	335:3:5
4	337
6	339:3:5
4	341
6	343:3:5
4	345
6	347:3:5
4	349
7	300:3:0
6	303:3:6
7	304:3:0
6	307:3:6
7	308:3:0
6	311:3:6
7	312:3:0
6	315:3:6
7	316:3:0
6	319:3:6
7	320:3:0
6	323:3:6
7	324:3:0
6	327:3:6
7	328:3:0
6	331:3:6
7	332:3:0
6	335:3:6
7	336:3:0
6	339:3:6
7	340:3:0
6	343:3:6
7	344:3:0
6	347:3:6
7	348:3:0
5	301
6	303:1:1
5	305
6	307:1:1
5	309
6	311:1:1
5	313
6	315:1:1
5	317
6	319:1:1
5	321
6	323:1:1
5	325
6	327:1:1
5	329
6	331:1:1
5	333
6	335:1:1
5	337
6	339:1:1
5	341
6	343:1:1
5	345
6	347:1:1
5	349
4	300
5	302
4	304
5	306
4	308
5	310
4	312
5	314
4	316
5	318
4	320
5	322
4	324
5	326
4	328
5	330
4	332
5	334
4	336
5	338
4	340
5	342
4	344
5	346
4	348
4	301
7	302:0:0
4	305
7	306:0:0
4	309
7	310:0:0
4	313
7	314:0:0
4	317
7	318:0:0
4	321
7	322:0:0
4	325
7	326:0:0
4	329
7	330:0:0
4	333
7	334:0:0
4	337
7	338:0:0
4	341
7	342:0:0
4	345
7	346:0:0
4	349
6	301:2:2
5	303
6	305:2:2
5	307
6	309:2:2
5	311
6	313:2:2
5	315
6	317:2:2
5	319
6	321:2:2
5	323
6	325:2:2
5	327
6	329:2:2
5	331
6	333:2:2
5	335
6	337:2:2
5	339
6	341:2:2
5	343
6	345:2:2
5	347
6	349:2:2
5	300
6	303:1:6
5	304
6	307:1:6
5	308
6	311:1:6
5	312
6	315:1:6
5	316
6	319:1:6
5	320
6	323:1:6
5	324
6	327:1:6
5	328
6	331:1:6
5	332
6	335:1:6
5	336
6	339:1:6
5	340
6	343:1:6
5	344
6	347:1:6
5	348
4	300
5	302
4	304
5	306
4	308
5	310
4	312
5	314
4	316
5	318
4	320
5	322
4	324
5	326
4	328
5	330
4	332
5	334
4	336
5	338
4	340
5	342
4	344
5	346
4	348
4	301
7	302:0:3
4	305
7	306:0:3
4	309
7	310:0:3
4	313
7	314:0:3
4	317
7	318:0:3
4	321
7	322:0:3
4	325
7	326:0:3
4	329
7	330:0:3
4	333
7	334:0:3
4	337
7	338:0:3
4	341
7	342:0:3
4	345
7	346:0:3
4	349
7	300:3:4
5	303
7	304:3:4
5	307
7	308:3:4
5	311
7	312:3:4
5	315
7	316:3:4
5	319
7	320:3:4
5	323
7	324:3:4
5	327
7	328:3:4
5	331
7	332:3:4
5	335
7	336:3:4
5	339
7	340:3:4
5	343
7	344:3:4
5	347
7	348:3:4
5	301
6	303:1:0
5	305
6	307:1:0
5	309
6	311:1:0
5	313
6	315:1:0
5	317
6	319:1:0
5	321
6	323:1:0
5	325
6	327:1:0
5	329
6	331:1:0
5	333
6	335:1:0
5	337
6	339:1:0
5	341
6	343:1:0
5	345
6	347:1:0
5	349
4	300
5	302
4	304
5	306
4	308
5	310
4	312
5	314
4	316
5	318
4	320
5	322
4	324
5	326
4	328
5	330
4	332
5	334
4	336
5	338
4	340
5	342
4	344
5	346
4	348
4	301
7	302:0:1
4	305
7	306:0:1
4	309
7	310:0:1
4	313
7	314:0:1
4	317
7	318:0:1
4	321
7	322:0:1
4	325
7	326:0:1
4	329
7	330:0:1
4	333
7	334:0:1
4	337
7	338:0:1
4	341
7	342:0:1
4	345
7	346:0:1
4	349
6	301:3:2
5	303
6	305:3:2
5	307
6	309:3:2
5	311
6	313:3:2
5	315
6	317:3:2
5	319
6	321:3:2
5	323
6	325:3:2
5	327
6	329:3:2
5	331
6	333:3:2
5	335
6	337:3:2
5	339
6	341:3:2
5	343
6	345:3:2
5	347
6	349:3:2
5	300
6	303:2:4
5	304
6	307:2:4
5	308
6	311:2:4
5	312
6	315:2:4
5	316
6	319:2:4
5	320
6	323:2:4
5	324
6	327:2:4
5	328
6	331:2:4
5	332
6	335:2:4
5	336
6	339:2:4
5	340
6	343:2:4
5	344
6	347:2:4
5	348
7	300:1:0
5	302
7	304:1:0
5	306
7	308:1:0
5	310
7	312:1:0
5	314
7	316:1:0
5	318
7	320:1:0
5	322
7	324:1:0
5	326
7	328:1:0
5	330
7	332:1:0
5	334
7	336:1:0
5	338
7	340:1:0
5	342
7	344:1:0
5	346
7	348:1:0
5	301
7	302:1:3
5	305
7	306:1:3
5	309
7	310:1:3
5	313
7	314:1:3
5	317
7	318:1:3
5	321
7	322:1:3
5	325
7	326:1:3
5	329
7	330:1:3
5	333
7	334:1:3
5	337
7	338:1:3
5	341
7	342:1:3
5	345
7	346:1:3
5	349
6	301:2:4
5	303
6	305:2:4
5	307
6	309:2:4
5	311
6	313:2:4
5	315
6	317:2:4
5	319
6	321:2:4
5	323
6	325:2:4
5	327
6	329:2:4
5	331
6	333:2:4
5	335
6	337:2:4
5	339
6	341:2:4
5	343
6	345:2:4
5	347
6	349:2:4
5	300
6	303:2:4
5	304
6	307:2:4
5	308
6	311:2:4
5	312
6	315:2:4
5	316
6	319:2:4
5	320
6	323:2:4
5	324
6	327:2:4
5	328
6	331:2:4
5	332
6	335:2:4
5	336
6	339:2:4
5	340
6	343:2:4
5	344
6	347:2:4
5	348
7	300:4:2
5	302
7	304:4:2
5	306
7	308:4:2
5	310
7	312:4:2
5	314
7	316:4:2
5	318
7	320:4:2
5	322
7	324:4:2
5	326
7	328:4:2
5	330
7	332:4:2
5	334
7	336:4:2
5	338
7	340:4:2
5	342
7	344:4:2
5	346
7	348:4:2
5	301
7	302:2:1
5	305
7	306:2:1
5	309
7	310:2:1
5	313
7	314:2:1
5	317
7	318:2:1
5	321
7	322:2:1
5	325
7	326:2:1
5	329
7	330:2:1
5	333
7	334:2:1
5	337
7	338:2:1
5	341
7	342:2:1
5	345
7	346:2:1
5	349
6	301:3:0
5	303
6	305:3:0
5	307
6	309:3:0
5	311
6	313:3:0
5	315
6	317:3:0
5	319
6	321:3:0
5	323
6	325:3:0
5	327
6	329:3:0
5	331
6	333:3:0
5	335
6	337:3:0
5	339
6	341:3:0
5	343
6	345:3:0
5	347
6	349:3:0
5	300
6	303:2:0
5	304
6	307:2:0
5	308
6	311:2:0
5	312
6	315:2:0
5	316
6	319:2:0
5	320
6	323:2:0
5	324
6	327:2:0
5	328
6	331:2:0
5	332
6	335:2:0
5	336
6	339:2:0
5	340
6	343:2:0
5	344
6	347:2:0
5	348
7	300:1:4
5	302
7	304:1:4
5	306
7	308:1:4
5	310
7	312:1:4
5	314
7	316:1:4
5	318
7	320:1:4
5	322
7	324:1:4
5	326
7	328:1:4
5	330
7	332:1:4
5	334
7	336:1:4
5	338
7	340:1:4
5	342
7	344:1:4
5	346
7	348:1:4
5	301
7	302:3:2
5	305
7	306:3:2
5	309
7	310:3:2
5	313
7	314:3:2
5	317
7	318:3:2
5	321
7	322:3:2
5	325
7	326:3:2
5	329
7	330:3:2
5	333
7	334:3:2
5	337
7	338:3:2
5	341
7	342:3:2
5	345
7	346:3:2
5	349
6	301:0:2
8	302:8:0
6	305:0:2
8	306:8:0
6	309:0:2
8	310:8:0
6	313:0:2
8	314:8:0
6	317:0:2
8	318:8:0
6	321:0:2
8	322:8:0
6	325:0:2
8	326:8:0
6	329:0:2
8	330:8:0
6	333:0:2
8	334:8:0
6	337:0:2
8	338:8:0
6	341:0:2
8	342:8:0
6	345:0:2
8	346:8:0
6	349:0:2
5	300
8	302:8:1
5	304
8	306:8:1
5	308
8	310:8:1
5	312
8	314:8:1
5	316
8	318:8:1
5	320
8	322:8:1
5	324
8	326:8:1
5	328
8	330:8:1
5	332
8	334:8:1
5	336
8	338:8:1
5	340
8	342:8:1
5	344
8	346:8:1
5	348
7	300:0:1
8	302:8:2
7	304:0:1
8	306:8:2
7	308:0:1
8	310:8:2
7	312:0:1
8	314:8:2
7	316:0:1
8	318:8:2
7	320:0:1
8	322:8:2
7	324:0:1
8	326:8:2
7	328:0:1
8	330:8:2
7	332:0:1
8	334:8:2
7	336:0:1
8	338:8:2
7	340:0:1
8	342:8:2
7	344:0:1
8	346:8:2
7	348:0:1
5	301
8	302:8:3
5	305
8	306:8:3
5	309
8	310:8:3
5	313
8	314:8:3
5	317
8	318:8:3
5	321
8	322:8:3
5	325
8	326:8:3
5	329
8	330:8:3
5	333
8	334:8:3
5	337
8	338:8:3
5	341
8	342:8:3
5	345
8	346:8:3
5	349
6	301:1:3
8	302:8:4
6	305:1:3
8	306:8:4
6	309:1:3
8	310:8:4
6	313:1:3
8	314:8:4
6	317:1:3
8	318:8:4
6	321:1:3
8	322:8:4
6	325:1:3
8	326:8:4
6	329:1:3
8	330:8:4
6	333:1:3
8	334:8:4
6	337:1:3
8	338:8:4
6	341:1:3
8	342:8:4
6	345:1:3
8	346:8:4
6	349:1:3
5	300
8	302:8:5
5	304
8	306:8:5
5	308
8	310:8:5
5	312
8	314:8:5
5	316
8	318:8:5
5	320
8	322:8:5
5	324
8	326:8:5
5	328
8	330:8:5
5	332
8	334:8:5
5	336
8	338:8:5
5	340
8	342:8:5
5	344
8	346:8:5
5	348
7	300:0:4
8	302:8:7
7	304:0:4
8	306:8:7
7	308:0:4
8	310:8:7
7	312:0:4
8	314:8:7
7	316:0:4
8	318:8:7
7	320:0:4
8	322:8:7
7	324:0:4
8	326:8:7
7	328:0:4
8	330:8:7
7	332:0:4
8	334:8:7
7	336:0:4
8	338:8:7
7	340:0:4
8	342:8:7
7	344:0:4
8	346:8:7
7	348:0:4
5	301
8	302:8:6
5	305
8	306:8:6
5	309
8	310:8:6
5	313
8	314:8:6
5	317
8	318:8:6
5	321
8	322:8:6
5	325
8	326:8:6
5	329
8	330:8:6
5	333
8	334:8:6
5	337
8	338:8:6
5	341
8	342:8:6
5	345
8	346:8:6
5	349
6	301:0:0
5	303
6	305:0:0
5	307
6	309:0:0
5	311
6	313:0:0
5	315
6	317:0:0
5	319
6	321:0:0
5	323
6	325:0:0
5	327
6	329:0:0
5	331
6	333:0:0
5	335
6	337:0:0
5	339
6	341:0:0
5	343
6	345:0:0
5	347
6	349:0:0
5	300
6	303:0:6
5	304
6	307:0:6
5	308
6	311:0:6
5	312
6	315:0:6
5	316
6	319:0:6
5	320
6	323:0:6
5	324
6	327:0:6
5	328
6	331:0:6
5	332
6	335:0:6
5	336
6	339:0:6
5	340
6	343:0:6
5	344
6	347:0:6
5	348
7	300:3:2
5	302
7	304:3:2
5	306
7	308:3:2
5	310
7	312:3:2
5	314
7	316:3:2
5	318
7	320:3:2
5	322
7	324:3:2
5	326
7	328:3:2
5	330
7	332:3:2
5	334
7	336:3:2
5	338
7	340:3:2
5	342
7	344:3:2
5	346
7	348:3:2
5	301
8	302:13:6
5	305
8	306:13:6
5	309
8	310:13:6
5	313
8	314:13:6
5	317
8	318:13:6
5	321
8	322:13:6
5	325
8	326:13:6
5	329
8	330:13:6
5	333
8	334:13:6
5	337
8	338:13:6
5	341
8	342:13:6
5	345
8	346:13:6
5	349
6	301:1:2
5	303
6	305:1:2
5	307
6	309:1:2
5	311
6	313:1:2
5	315
6	317:1:2
5	319
6	321:1:2
5	323
6	325:1:2
5	327
6	329:1:2
5	331
6	333:1:2
5	335
6	337:1:2
5	339
6	341:1:2
5	343
6	345:1:2
5	347
6	349:1:2
5	300
6	303:3:4
5	304
6	307:3:4
5	308
6	311:3:4
5	312
6	315:3:4
5	316
6	319:3:4
5	320
6	323:3:4
5	324
6	327:3:4
5	328
6	331:3:4
5	332
6	335:3:4
5	336
6	339:3:4
5	340
6	343:3:4
5	344
6	347:3:4
5	348
7	300:1:1
5	302
7	304:1:1
5	306
7	308:1:1
5	310
7	312:1:1
5	314
7	316:1:1
5	318
7	320:1:1
5	322
7	324:1:1
5	326
7	328:1:1
5	330
7	332:1:1
5	334
7	336:1:1
5	338
7	340:1:1
5	342
7	344:1:1
5	346
7	348:1:1
5	301
8	302:13:6
5	305
8	306:13:6
5	309
8	310:13:6
5	313
8	314:13:6
5	317
8	318:13:6
5	321
8	322:13:6
5	325
8	326:13:6
5	329
8	330:13:6
5	333
8	334:13:6
5	337
8	338:13:6
5	341
8	342:13:6
5	345
8	346:13:6
5	349
6	301:0:2
5	303
6	305:0:2
5	307
6	309:0:2
5	311
6	313:0:2
5	315
6	317:0:2
5	319
6	321:0:2
5	323
6	325:0:2
5	327
6	329:0:2
5	331
6	333:0:2
5	335
6	337:0:2
5	339
6	341:0:2
5	343
6	345:0:2
5	347
6	349:0:2
5	300
6	303:3:6
5	304
6	307:3:6
5	308
6	311:3:6
5	312
6	315:3:6
5	316
6	319:3:6
5	320
6	323:3:6
5	324
6	327:3:6
5	328
6	331:3:6
5	332
6	335:3:6
5	336
6	339:3:6
5	340
6	343:3:6
5	344
6	347:3:6
5	348
7	300:1:3
5	302
7	304:1:3
5	306
7	308:1:3
5	310
7	312:1:3
5	314
7	316:1:3
5	318
7	320:1:3
5	322
7	324:1:3
5	326
7	328:1:3
5	330
7	332:1:3
5	334
7	336:1:3
5	338
7	340:1:3
5	342
7	344:1:3
5	346
7	348:1:3
5	301
8	302:6:4
5	305
8	306:6:4
5	309
8	310:6:4
5	313
8	314:6:4
5	317
8	318:6:4
5	321
8	322:6:4
5	325
8	326:6:4
5	329
8	330:6:4
5	333
8	334:6:4
5	337
8	338:6:4
5	341
8	342:6:4
5	345
8	346:6:4
5	349
6	301:0:4
5	303
6	305:0:4
5	307
6	309:0:4
5	311
6	313:0:4
5	315
6	317:0:4
5	319
6	321:0:4
5	323
6	325:0:4
5	327
6	329:0:4
5	331
6	333:0:4
5	335
6	337:0:4
5	339
6	341:0:4
5	343
6	345:0:4
5	347
6	349:0:4
5	300
6	303:0:2
5	304
6	307:0:2
5	308
6	311:0:2
5	312
6	315:0:2
5	316
6	319:0:2
5	320
6	323:0:2
5	324
6	327:0:2
5	328
6	331:0:2
5	332
6	335:0:2
5	336
6	339:0:2
5	340
6	343:0:2
5	344
6	347:0:2
5	348
7	300:2:2
5	302
7	304:2:2
5	306
7	308:2:2
5	310
7	312:2:2
5	314
7	316:2:2
5	318
7	320:2:2
5	322
7	324:2:2
5	326
7	328:2:2
5	330
7	332:2:2
5	334
7	336:2:2
5	338
7	340:2:2
5	342
7	344:2:2
5	346
7	348:2:2
5	300
5	303
5	304
5	307
5	308
5	311
5	312
5	315
5	316
5	319
5	320
5	323
5	324
5	327
5	328
5	331
5	332
5	335
5	336
5	339
5	340
5	343
5	344
5	347
5	348
4	300
4	302
4	304
4	306
4	308
4	310
4	312
4	314
4	316
4	318
4	320
4	322
4	324
4	326
4	328
4	330
4	332
4	334
4	336
4	338
4	340
4	342
4	344
4	346
4	348
4	301
4	303
4	305
4	307
4	309
4	311
4	313
4	315
4	317
4	319
4	321
4	323
4	325
4	327
4	329
4	331
4	333
4	335
4	337
4	339
4	341
4	343
4	345
4	347
4	349
2	300
2	302
2	304
2	306
2	308
2	310
2	312
2	314
2	316
2	318
2	320
2	322
2	324
2	326
2	328
2	330
2	332
2	334
2	336
2	338
2	340
2	342
2	344
2	346
2	348
2	301
2	303
2	305
2	307
2	309
2	311
2	313
2	315
2	317
2	319
2	321
2	323
2	325
2	327
2	329
2	331
2	333
2	335
2	337
2	339
2	341
2	343
2	345
2	347
2	349
