3400
0	J400:400:J401:401
0	J402:402:J403:403
0	J404:404:J405:405
0	J406:406:J407:407
0	J408:408:J409:409
0	J410:410:J411:411
0	J412:412:J413:413
0	J414:414:J415:415
0	J416:416:J417:417
0	J418:418:J419:419
0	J420:420:J421:421
0	J422:422:J423:423
0	J424:424:J425:425
0	J426:426:J427:427
0	J428:428:J429:429
0	J430:430:J431:431
0	J432:432:J433:433
0	J434:434:J435:435
0	J436:436:J437:437
0	J438:438:J439:439
0	J440:440:J441:441
0	J442:442:J443:443
0	J444:444:J445:445
0	J446:446:J447:447
0	J448:448:J449:449
1	J400
1	J402
1	J404
1	J406
1	J408
1	J410
1	J412
1	J414
1	J416
1	J418
1	J420
1	J422
1	J424
1	J426
1	J428
1	J430
1	J432
1	J434
1	J436
1	J438
1	J440
1	J442
1	J444
1	J446
1	J448
3	400
3	402
3	404
3	406
3	408
3	410
3	412
3	414
3	416
3	418
3	420
3	422
3	424
3	426
3	428
3	430
3	432
3	434
3	436
3	438
3	440
3	442
3	444
3	446
3	448
1	J401
1	J403
1	J405
1	J407
1	J409
1	J411
1	J413
1	J415
1	J417
1	J419
1	J421
1	J423
1	J425
1	J427
1	J429
1	J431
1	J433
1	J435
1	J437
1	J439
1	J441
1	J443
1	J445
1	J447
1	J449
3	400
3	402
3	404
3	406
3	408
3	410
3	412
3	414
3	416
3	418
3	420
3	422
3	424
3	426
3	428
3	430
3	432
3	434
3	436
3	438
3	440
3	442
3	444
3	446
3	448
3	401
3	403
3	405
3	407
3	409
3	411
3	413
3	415
3	417
3	419
3	421
3	423
3	425
3	427
3	429
3	431
3	433
3	435
3	437
3	439
3	441
3	443
3	445
3	447
3	449
9	400
9	402
9	404
9	406
9	408
9	410
9	412
9	414
9	416
9	418
9	420
9	422
9	424
9	426
9	428
9	430
9	432
9	434
9	436
9	438
9	440
9	442
9	444
9	446
9	448
9	401
9	403
9	405
9	407
9	409
9	411
9	413
9	415
9	417
9	419
9	421
9	423
9	425
9	427
9	429
9	431
9	433
9	435
9	437
9	439
9	441
9	443
9	445
9	447
9	449
4	400
4	402
4	404
4	406
4	408
4	410
4	412
4	414
4	416
4	418
4	420
4	422
4	424
4	426
4	428
4	430
4	432
4	434
4	436
4	438
4	440
4	442
4	444
4	446
4	448
4	401
4	403
4	405
4	407
4	409
4	411
4	413
4	415
4	417
4	419
4	421
4	423
4	425
4	427
4	429
4	431
4	433
4	435
4	437
4	439
4	441
4	443
4	445
4	447
4	449
5	400
5	402
5	404
5	406
5	408
5	410
5	412
5	414
5	416
5	418
5	420
5	422
5	424
5	426
5	428
5	430
5	432
5	434
5	436
5	438
5	440
5	442
5	444
5	446
5	448
5	401
5	403
5	405
5	407
5	409
5	411
5	413
5	415
5	417
5	419
5	421
5	423
5	425
5	427
5	429
5	431
5	433
5	435
5	437
5	439
5	441
5	443
5	445
5	447
5	449
6	400:0:0
7	402:0:2
6	404:0:0
7	406:0:2
6	408:0:0
7	410:0:2
6	412:0:0
7	414:0:2
6	416:0:0
7	418:0:2
6	420:0:0
7	422:0:2
6	424:0:0
7	426:0:2
6	428:0:0
7	430:0:2
6	432:0:0
7	434:0:2
6	436:0:0
7	438:0:2
6	440:0:0
7	442:0:2
6	444:0:0
7	446:0:2
6	448:0:0
6	401:0:0
5	403
6	405:0:0
5	407
6	409:0:0
5	411
6	413:0:0
5	415
6	417:0:0
5	419
6	421:0:0
5	423
6	425:0:0
5	427
6	429:0:0
5	431
6	433:0:0
5	435
6	437:0:0
5	439
6	441:0:0
5	443
6	445:0:0
5	447
6	449:0:0
7	401:0:1
4	402
7	405:0:1
4	406
7	409:0:1
4	410
7	413:0:1
4	414
7	417:0:1
4	418
7	421:0:1
4	422
7	425:0:1
4	426
7	429:0:1
4	430
7	433:0:1
4	434
7	437:0:1
4	438
7	441:0:1
4	442
7	445:0:1
4	446
7	449:0:1
7	400:0:0
4	403
7	404:0:0
4	407
7	408:0:0
4	411
7	412:0:0
4	415
7	416:0:0
4	419
7	420:0:0
4	423
7	424:0:0
4	427
7	428:0:0
4	431
7	432:0:0
4	435
7	436:0:0
4	439
7	440:0:0
4	443
7	444:0:0
4	447
7	448:0:0
7	400:2:2
6	403:0:0
7	404:2:2
6	407:0:0
7	408:2:2
6	411:0:0
7	412:2:2
6	415:0:0
7	416:2:2
6	419:0:0
7	420:2:2
6	423:0:0
7	424:2:2
6	427:0:0
7	428:2:2
6	431:0:0
7	432:2:2
6	435:0:0
7	436:2:2
6	439:0:0
7	440:2:2
6	443:0:0
7	444:2:2
6	447:0:0
7	448:2:2
4	400
5	402
4	404
5	406
4	408
5	410
4	412
5	414
4	416
5	418
4	420
5	422
4	424
5	426
4	428
5	430
4	432
5	434
4	436
5	438
4	440
5	442
4	444
5	446
4	448
4	401
4	402
4	405
4	406
4	409
4	410
4	413
4	414
4	417
4	418
4	421
4	422
4	425
4	426
4	429
4	430
4	433
4	434
4	437
4	438
4	441
4	442
4	445
4	446
4	449
5	401
4	403
5	405
4	407
5	409
4	411
5	413
4	415
5	417
4	419
5	421
4	423
5	425
4	427
5	429
4	431
5	433
4	435
5	437
4	439
5	441
4	443
5	445
4	447
5	449
6	401:0:1
7	402:0:3
6	405:0:1
7	406:0:3
6	409:0:1
7	410:0:3
6	413:0:1
7	414:0:3
6	417:0:1
7	418:0:3
6	421:0:1
7	422:0:3
6	425:0:1
7	426:0:3
6	429:0:1
7	430:0:3
6	433:0:1
7	434:0:3
6	437:0:1
7	438:0:3
6	441:0:1
7	442:0:3
6	445:0:1
7	446:0:3
6	449:0:1
5	400
5	403
5	404
5	407
5	408
5	411
5	412
5	415
5	416
5	419
5	420
5	423
5	424
5	427
5	428
5	431
5	432
5	435
5	436
5	439
5	440
5	443
5	444
5	447
5	448
7	400:3:3
4	402
7	404:3:3
4	406
7	408:3:3
4	410
7	412:3:3
4	414
7	416:3:3
4	418
7	420:3:3
4	422
7	424:3:3
4	426
7	428:3:3
4	430
7	432:3:3
4	434
7	436:3:3
4	438
7	440:3:3
4	442
7	444:3:3
4	446
7	448:3:3
5	401
4	403
5	405
4	407
5	409
4	411
5	413
4	415
5	417
4	419
5	421
4	423
5	425
4	427
5	429
4	431
5	433
4	435
5	437
4	439
5	441
4	443
5	445
4	447
5	449
6	401:3:4
6	403:3:6
6	405:3:4
6	407:3:6
6	409:3:4
6	411:3:6
6	413:3:4
6	415:3:6
6	417:3:4
6	419:3:6
6	421:3:4
6	423:3:6
6	425:3:4
6	427:3:6
6	429:3:4
6	431:3:6
6	433:3:4
6	435:3:6
6	437:3:4
6	439:3:6
6	441:3:4
6	443:3:6
6	445:3:4
6	447:3:6
6	449:3:4
5	400
5	402
5	404
5	406
5	408
5	410
5	412
5	414
5	416
5	418
5	420
5	422
5	424
5	426
5	428
5	430
5	432
5	434
5	436
5	438
5	440
5	442
5	444
5	446
5	448
7	400:2:3
4	402
7	404:2:3
4	406
7	408:2:3
4	410
7	412:2:3
4	414
7	416:2:3
4	418
7	420:2:3
4	422
7	424:2:3
4	426
7	428:2:3
4	430
7	432:2:3
4	434
7	436:2:3
4	438
7	440:2:3
4	442
7	444:2:3
4	446
7	448:2:3
5	401
4	403
5	405
4	407
5	409
4	411
5	413
4	415
5	417
4	419
5	421
4	423
5	425
4	427
5	429
4	431
5	433
4	435
5	437
4	439
5	441
4	443
5	445
4	447
5	449
6	401:2:7
7	402:0:0
6	405:2:7
7	406:0:0
6	409:2:7
7	410:0:0
6	413:2:7
7	414:0:0
6	417:2:7
7	418:0:0
6	421:2:7
7	422:0:0
6	425:2:7
7	426:0:0
6	429:2:7
7	430:0:0
6	433:2:7
7	434:0:0
6	437:2:7
7	438:0:0
6	441:2:7
7	442:0:0
6	445:2:7
7	446:0:0
6	449:2:7
5	400
5	403
5	404
5	407
5	408
5	411
5	412
5	415
5	416
5	419
5	420
5	423
5	424
5	427
5	428
5	431
5	432
5	435
5	436
5	439
5	440
5	443
5	444
5	447
5	448
7	400:3:2
4	402
7	404:3:2
4	406
7	408:3:2
4	410
7	412:3:2
4	414
7	416:3:2
4	418
7	420:3:2
4	422
7	424:3:2
4	426
7	428:3:2
4	430
7	432:3:2
4	434
7	436:3:2
4	438
7	440:3:2
4	442
7	444:3:2
4	446
7	448:3:2
5	401
4	403
5	405
4	407
5	409
4	411
5	413
4	415
5	417
4	419
5	421
4	423
5	425
4	427
5	429
4	431
5	433
4	435
5	437
4	439
5	441
4	443
5	445
4	447
5	449
6	401:2:7
6	403:2:6
6	405:2:7
6	407:2:6
6	409:2:7
6	411:2:6
6	413:2:7
6	415:2:6
6	417:2:7
6	419:2:6
6	421:2:7
6	423:2:6
6	425:2:7
6	427:2:6
6	429:2:7
6	431:2:6
6	433:2:7
6	435:2:6
6	437:2:7
6	439:2:6
6	441:2:7
6	443:2:6
6	445:2:7
6	447:2:6
6	449:2:7
5	400
5	402
5	404
5	406
5	408
5	410
5	412
5	414
5	416
5	418
5	420
5	422
5	424
5	426
5	428
5	430
5	432
5	434
5	436
5	438
5	440
5	442
5	444
5	446
5	448
7	400:2:4
4	402
7	404:2:4
4	406
7	408:2:4
4	410
7	412:2:4
4	414
7	416:2:4
4	418
7	420:2:4
4	422
7	424:2:4
4	426
7	428:2:4
4	430
7	432:2:4
4	434
7	436:2:4
4	438
7	440:2:4
4	442
7	444:2:4
4	446
7	448:2:4
5	401
4	403
5	405
4	407
5	409
4	411
5	413
4	415
5	417
4	419
5	421
4	423
5	425
4	427
5	429
4	431
5	433
4	435
5	437
4	439
5	441
4	443
5	445
4	447
5	449
6	401:2:0
7	402:4:0
6	405:2:0
7	406:4:0
6	409:2:0
7	410:4:0
6	413:2:0
7	414:4:0
6	417:2:0
7	418:4:0
6	421:2:0
7	422:4:0
6	425:2:0
7	426:4:0
6	429:2:0
7	430:4:0
6	433:2:0
7	434:4:0
6	437:2:0
7	438:4:0
6	441:2:0
7	442:4:0
6	445:2:0
7	446:4:0
6	449:2:0
5	400
5	403
5	404
5	407
5	408
5	411
5	412
5	415
5	416
5	419
5	420
5	423
5	424
5	427
5	428
5	431
5	432
5	435
5	436
5	439
5	440
5	443
5	444
5	447
5	448
7	400:3:4
4	402
7	404:3:4
4	406
7	408:3:4
4	410
7	412:3:4
4	414
7	416:3:4
4	418
7	420:3:4
4	422
7	424:3:4
4	426
7	428:3:4
4	430
7	432:3:4
4	434
7	436:3:4
4	438
7	440:3:4
4	442
7	444:3:4
4	446
7	448:3:4
5	401
4	403
5	405
4	407
5	409
4	411
5	413
4	415
5	417
4	419
5	421
4	423
5	425
4	427
5	429
4	431
5	433
4	435
5	437
4	439
5	441
4	443
5	445
4	447
5	449
6	401:3:5
6	403:2:6
6	405:3:5
6	407:2:6
6	409:3:5
6	411:2:6
6	413:3:5
6	415:2:6
6	417:3:5
6	419:2:6
6	421:3:5
6	423:2:6
6	425:3:5
6	427:2:6
6	429:3:5
6	431:2:6
6	433:3:5
6	435:2:6
6	437:3:5
6	439:2:6
6	441:3:5
6	443:2:6
6	445:3:5
6	447:2:6
6	449:3:5
6	401:0:1
5	402
6	405:0:1
5	406
6	409:0:1
5	410
6	413:0:1
5	414
6	417:0:1
5	418
6	421:0:1
5	422
6	425:0:1
5	426
6	429:0:1
5	430
6	433:0:1
5	434
6	437:0:1
5	438
6	441:0:1
5	442
6	445:0:1
5	446
6	449:0:1
5	400
4	402
5	404
4	406
5	408
4	410
5	412
4	414
5	416
4	418
5	420
4	422
5	424
4	426
5	428
4	430
5	432
4	434
5	436
4	438
5	440
4	442
5	444
4	446
5	448
7	400:4:4
4	403
7	404:4:4
4	407
7	408:4:4
4	411
7	412:4:4
4	415
7	416:4:4
4	419
7	420:4:4
4	423
7	424:4:4
4	427
7	428:4:4
4	431
7	432:4:4
4	435
7	436:4:4
4	439
7	440:4:4
4	443
7	444:4:4
4	447
7	448:4:4
5	401
7	402:4:4
5	405
7	406:4:4
5	409
7	410:4:4
5	413
7	414:4:4
5	417
7	418:4:4
5	421
7	422:4:4
5	425
7	426:4:4
5	429
7	430:4:4
5	433
7	434:4:4
5	437
7	438:4:4
5	441
7	442:4:4
5	445
7	446:4:4
5	449
6	401:0:2
5	403
6	405:0:2
5	407
6	409:0:2
5	411
6	413:0:2
5	415
6	417:0:2
5	419
6	421:0:2
5	423
6	425:0:2
5	427
6	429:0:2
5	431
6	433:0:2
5	435
6	437:0:2
5	439
6	441:0:2
5	443
6	445:0:2
5	447
6	449:0:2
5	400
4	402
5	404
4	406
5	408
4	410
5	412
4	414
5	416
4	418
5	420
4	422
5	424
4	426
5	428
4	430
5	432
4	434
5	436
4	438
5	440
4	442
5	444
4	446
5	448
7	400:4:0
4	403
7	404:4:0
4	407
7	408:4:0
4	411
7	412:4:0
4	415
7	416:4:0
4	419
7	420:4:0
4	423
7	424:4:0
4	427
7	428:4:0
4	431
7	432:4:0
4	435
7	436:4:0
4	439
7	440:4:0
4	443
7	444:4:0
4	447
7	448:4:0
5	401
6	403:3:6
5	405
6	407:3:6
5	409
6	411:3:6
5	413
6	415:3:6
5	417
6	419:3:6
5	421
6	423:3:6
5	425
6	427:3:6
5	429
6	431:3:6
5	433
6	435:3:6
5	437
6	439:3:6
5	441
6	443:3:6
5	445
6	447:3:6
5	449
6	401:0:4
5	402
6	405:0:4
5	406
6	409:0:4
5	410
6	413:0:4
5	414
6	417:0:4
5	418
6	421:0:4
5	422
6	425:0:4
5	426
6	429:0:4
5	430
6	433:0:4
5	434
6	437:0:4
5	438
6	441:0:4
5	442
6	445:0:4
5	446
6	449:0:4
5	400
4	402
5	404
4	406
5	408
4	410
5	412
4	414
5	416
4	418
5	420
4	422
5	424
4	426
5	428
4	430
5	432
4	434
5	436
4	438
5	440
4	442
5	444
4	446
5	448
7	400:4:6
4	403
7	404:4:6
4	407
7	408:4:6
4	411
7	412:4:6
4	415
7	416:4:6
4	419
7	420:4:6
4	423
7	424:4:6
4	427
7	428:4:6
4	431
7	432:4:6
4	435
7	436:4:6
4	439
7	440:4:6
4	443
7	444:4:6
4	447
7	448:4:6
7	400:4:2
7	402:4:1
7	404:4:2
7	406:4:1
7	408:4:2
7	410:4:1
7	412:4:2
7	414:4:1
7	416:4:2
7	418:4:1
7	420:4:2
7	422:4:1
7	424:4:2
7	426:4:1
7	428:4:2
7	430:4:1
7	432:4:2
7	434:4:1
7	436:4:2
7	438:4:1
7	440:4:2
7	442:4:1
7	444:4:2
7	446:4:1
7	448:4:2
5	401
5	403
5	405
5	407
5	409
5	411
5	413
5	415
5	417
5	419
5	421
5	423
5	425
5	427
5	429
5	431
5	433
5	435
5	437
5	439
5	441
5	443
5	445
5	447
5	449
6	401:1:3
4	402
6	405:1:3
4	406
6	409:1:3
4	410
6	413:1:3
4	414
6	417:1:3
4	418
6	421:1:3
4	422
6	425:1:3
4	426
6	429:1:3
4	430
6	433:1:3
4	434
6	437:1:3
4	438
6	441:1:3
4	442
6	445:1:3
4	446
6	449:1:3
5	400
4	403
5	404
4	407
5	408
4	411
5	412
4	415
5	416
4	419
5	420
4	423
5	424
4	427
5	428
4	431
5	432
4	435
5	436
4	439
5	440
4	443
5	444
4	447
5	448
7	400:3:0
6	403:2:6
7	404:3:0
6	407:2:6
7	408:3:0
6	411:2:6
7	412:3:0
6	415:2:6
7	416:3:0
6	419:2:6
7	420:3:0
6	423:2:6
7	424:3:0
6	427:2:6
7	428:3:0
6	431:2:6
7	432:3:0
6	435:2:6
7	436:3:0
6	439:2:6
7	440:3:0
6	443:2:6
7	444:3:0
6	447:2:6
7	448:3:0
5	401
5	402
5	405
5	406
5	409
5	410
5	413
5	414
5	417
5	418
5	421
5	422
5	425
5	426
5	429
5	430
5	433
5	434
5	437
5	438
5	441
5	442
5	445
5	446
5	449
6	401:1:3
4	402
6	405:1:3
4	406
6	409:1:3
4	410
6	413:1:3
4	414
6	417:1:3
4	418
6	421:1:3
4	422
6	425:1:3
4	426
6	429:1:3
4	430
6	433:1:3
4	434
6	437:1:3
4	438
6	441:1:3
4	442
6	445:1:3
4	446
6	449:1:3
5	400
4	403
5	404
4	407
5	408
4	411
5	412
4	415
5	416
4	419
5	420
4	423
5	424
4	427
5	428
4	431
5	432
4	435
5	436
4	439
5	440
4	443
5	444
4	447
5	448
7	400:2:0
7	402:4:3
7	404:2:0
7	406:4:3
7	408:2:0
7	410:4:3
7	412:2:0
7	414:4:3
7	416:2:0
7	418:4:3
7	420:2:0
7	422:4:3
7	424:2:0
7	426:4:3
7	428:2:0
7	430:4:3
7	432:2:0
7	434:4:3
7	436:2:0
7	438:4:3
7	440:2:0
7	442:4:3
7	444:2:0
7	446:4:3
7	448:2:0
5	401
5	403
5	405
5	407
5	409
5	411
5	413
5	415
5	417
5	419
5	421
5	423
5	425
5	427
5	429
5	431
5	433
5	435
5	437
5	439
5	441
5	443
5	445
5	447
5	449
6	401:1:5
4	402
6	405:1:5
4	406
6	409:1:5
4	410
6	413:1:5
4	414
6	417:1:5
4	418
6	421:1:5
4	422
6	425:1:5
4	426
6	429:1:5
4	430
6	433:1:5
4	434
6	437:1:5
4	438
6	441:1:5
4	442
6	445:1:5
4	446
6	449:1:5
5	400
4	403
5	404
4	407
5	408
4	411
5	412
4	415
5	416
4	419
5	420
4	423
5	424
4	427
5	428
4	431
5	432
4	435
5	436
4	439
5	440
4	443
5	444
4	447
5	448
7	400:1:0
6	403:3:6
7	404:1:0
6	407:3:6
7	408:1:0
6	411:3:6
7	412:1:0
6	415:3:6
7	416:1:0
6	419:3:6
7	420:1:0
6	423:3:6
7	424:1:0
6	427:3:6
7	428:1:0
6	431:3:6
7	432:1:0
6	435:3:6
7	436:1:0
6	439:3:6
7	440:1:0
6	443:3:6
7	444:1:0
6	447:3:6
7	448:1:0
5	401
5	402
5	405
5	406
5	409
5	410
5	413
5	414
5	417
5	418
5	421
5	422
5	425
5	426
5	429
5	430
5	433
5	434
5	437
5	438
5	441
5	442
5	445
5	446
5	449
6	401:1:5
4	402
6	405:1:5
4	406
6	409:1:5
4	410
6	413:1:5
4	414
6	417:1:5
4	418
6	421:1:5
4	422
6	425:1:5
4	426
6	429:1:5
4	430
6	433:1:5
4	434
6	437:1:5
4	438
6	441:1:5
4	442
6	445:1:5
4	446
6	449:1:5
5	400
4	403
5	404
4	407
5	408
4	411
5	412
4	415
5	416
4	419
5	420
4	423
5	424
4	427
5	428
4	431
5	432
4	435
5	436
4	439
5	440
4	443
5	444
4	447
5	448
7	400:0:4
7	402:3:1
7	404:0:4
7	406:3:1
7	408:0:4
7	410:3:1
7	412:0:4
7	414:3:1
7	416:0:4
7	418:3:1
7	420:0:4
7	422:3:1
7	424:0:4
7	426:3:1
7	428:0:4
7	430:3:1
7	432:0:4
7	434:3:1
7	436:0:4
7	438:3:1
7	440:0:4
7	442:3:1
7	444:0:4
7	446:3:1
7	448:0:4
5	401
5	403
5	405
5	407
5	409
5	411
5	413
5	415
5	417
5	419
5	421
5	423
5	425
5	427
5	429
5	431
5	433
5	435
5	437
5	439
5	441
5	443
5	445
5	447
5	449
6	401:0:6
4	402
6	405:0:6
4	406
6	409:0:6
4	410
6	413:0:6
4	414
6	417:0:6
4	418
6	421:0:6
4	422
6	425:0:6
4	426
6	429:0:6
4	430
6	433:0:6
4	434
6	437:0:6
4	438
6	441:0:6
4	442
6	445:0:6
4	446
6	449:0:6
5	400
4	403
5	404
4	407
5	408
4	411
5	412
4	415
5	416
4	419
5	420
4	423
5	424
4	427
5	428
4	431
5	432
4	435
5	436
4	439
5	440
4	443
5	444
4	447
5	448
7	400:4:1
6	403:2:0
7	404:4:1
6	407:2:0
7	408:4:1
6	411:2:0
7	412:4:1
6	415:2:0
7	416:4:1
6	419:2:0
7	420:4:1
6	423:2:0
7	424:4:1
6	427:2:0
7	428:4:1
6	431:2:0
7	432:4:1
6	435:2:0
7	436:4:1
6	439:2:0
7	440:4:1
6	443:2:0
7	444:4:1
6	447:2:0
7	448:4:1
5	401
5	402
5	405
5	406
5	409
5	410
5	413
5	414
5	417
5	418
5	421
5	422
5	425
5	426
5	429
5	430
5	433
5	434
5	437
5	438
5	441
5	442
5	445
5	446
5	449
6	401:2:4
4	402
6	405:2:4
4	406
6	409:2:4
4	410
6	413:2:4
4	414
6	417:2:4
4	418
6	421:2:4
4	422
6	425:2:4
4	426
6	429:2:4
4	430
6	433:2:4
4	434
6	437:2:4
4	438
6	441:2:4
4	442
6	445:2:4
4	446
6	449:2:4
5	400
4	403
5	404
4	407
5	408
4	411
5	412
4	415
5	416
4	419
5	420
4	423
5	424
4	427
5	428
4	431
5	432
4	435
5	436
4	439
5	440
4	443
5	444
4	447
5	448
7	400:1:4
7	402:3:3
7	404:1:4
7	406:3:3
7	408:1:4
7	410:3:3
7	412:1:4
7	414:3:3
7	416:1:4
7	418:3:3
7	420:1:4
7	422:3:3
7	424:1:4
7	426:3:3
7	428:1:4
7	430:3:3
7	432:1:4
7	434:3:3
7	436:1:4
7	438:3:3
7	440:1:4
7	442:3:3
7	444:1:4
7	446:3:3
7	448:1:4
5	401
5	403
5	405
5	407
5	409
5	411
5	413
5	415
5	417
5	419
5	421
5	423
5	425
5	427
5	429
5	431
5	433
5	435
5	437
5	439
5	441
5	443
5	445
5	447
5	449
6	401:3:0
4	402
6	405:3:0
4	406
6	409:3:0
4	410
6	413:3:0
4	414
6	417:3:0
4	418
6	421:3:0
4	422
6	425:3:0
4	426
6	429:3:0
4	430
6	433:3:0
4	434
6	437:3:0
4	438
6	441:3:0
4	442
6	445:3:0
4	446
6	449:3:0
6	401:3:1
4	403
6	405:3:1
4	407
6	409:3:1
4	411
6	413:3:1
4	415
6	417:3:1
4	419
6	421:3:1
4	423
6	425:3:1
4	427
6	429:3:1
4	431
6	433:3:1
4	435
6	437:3:1
4	439
6	441:3:1
4	443
6	445:3:1
4	447
6	449:3:1
6	401:3:2
6	403:3:4
6	405:3:2
6	407:3:4
6	409:3:2
6	411:3:4
6	413:3:2
6	415:3:4
6	417:3:2
6	419:3:4
6	421:3:2
6	423:3:4
6	425:3:2
6	427:3:4
6	429:3:2
6	431:3:4
6	433:3:2
6	435:3:4
6	437:3:2
6	439:3:4
6	441:3:2
6	443:3:4
6	445:3:2
6	447:3:4
6	449:3:2
6	401:3:3
5	402
6	405:3:3
5	406
6	409:3:3
5	410
6	413:3:3
5	414
6	417:3:3
5	418
6	421:3:3
5	422
6	425:3:3
5	426
6	429:3:3
5	430
6	433:3:3
5	434
6	437:3:3
5	438
6	441:3:3
5	442
6	445:3:3
5	446
6	449:3:3
6	401:3:4
4	402
6	405:3:4
4	406
6	409:3:4
4	410
6	413:3:4
4	414
6	417:3:4
4	418
6	421:3:4
4	422
6	425:3:4
4	426
6	429:3:4
4	430
6	433:3:4
4	434
6	437:3:4
4	438
6	441:3:4
4	442
6	445:3:4
4	446
6	449:3:4
6	401:3:5
4	403
6	405:3:5
4	407
6	409:3:5
4	411
6	413:3:5
4	415
6	417:3:5
4	419
6	421:3:5
4	423
6	425:3:5
4	427
6	429:3:5
4	431
6	433:3:5
4	435
6	437:3:5
4	439
6	441:3:5
4	443
6	445:3:5
4	447
6	449:3:5
6	401:3:6
7	402:3:0
6	405:3:6
7	406:3:0
6	409:3:6
7	410:3:0
6	413:3:6
7	414:3:0
6	417:3:6
7	418:3:0
6	421:3:6
7	422:3:0
6	425:3:6
7	426:3:0
6	429:3:6
7	430:3:0
6	433:3:6
7	434:3:0
6	437:3:6
7	438:3:0
6	441:3:6
7	442:3:0
6	445:3:6
7	446:3:0
6	449:3:6
6	401:1:1
5	403
6	405:1:1
5	407
6	409:1:1
5	411
6	413:1:1
5	415
6	417:1:1
5	419
6	421:1:1
5	423
6	425:1:1
5	427
6	429:1:1
5	431
6	433:1:1
5	435
6	437:1:1
5	439
6	441:1:1
5	443
6	445:1:1
5	447
6	449:1:1
5	400
4	402
5	404
4	406
5	408
4	410
5	412
4	414
5	416
4	418
5	420
4	422
5	424
4	426
5	428
4	430
5	432
4	434
5	436
4	438
5	440
4	442
5	444
4	446
5	448
7	400:0:0
4	403
7	404:0:0
4	407
7	408:0:0
4	411
7	412:0:0
4	415
7	416:0:0
4	419
7	420:0:0
4	423
7	424:0:0
4	427
7	428:0:0
4	431
7	432:0:0
4	435
7	436:0:0
4	439
7	440:0:0
4	443
7	444:0:0
4	447
7	448:0:0
5	401
6	403:2:2
5	405
6	407:2:2
5	409
6	411:2:2
5	413
6	415:2:2
5	417
6	419:2:2
5	421
6	423:2:2
5	425
6	427:2:2
5	429
6	431:2:2
5	433
6	435:2:2
5	437
6	439:2:2
5	441
6	443:2:2
5	445
6	447:2:2
5	449
6	401:1:6
5	402
6	405:1:6
5	406
6	409:1:6
5	410
6	413:1:6
5	414
6	417:1:6
5	418
6	421:1:6
5	422
6	425:1:6
5	426
6	429:1:6
5	430
6	433:1:6
5	434
6	437:1:6
5	438
6	441:1:6
5	442
6	445:1:6
5	446
6	449:1:6
5	400
4	402
5	404
4	406
5	408
4	410
5	412
4	414
5	416
4	418
5	420
4	422
5	424
4	426
5	428
4	430
5	432
4	434
5	436
4	438
5	440
4	442
5	444
4	446
5	448
7	400:0:3
4	403
7	404:0:3
4	407
7	408:0:3
4	411
7	412:0:3
4	415
7	416:0:3
4	419
7	420:0:3
4	423
7	424:0:3
4	427
7	428:0:3
4	431
7	432:0:3
4	435
7	436:0:3
4	439
7	440:0:3
4	443
7	444:0:3
4	447
7	448:0:3
5	401
7	402:3:4
5	405
7	406:3:4
5	409
7	410:3:4
5	413
7	414:3:4
5	417
7	418:3:4
5	421
7	422:3:4
5	425
7	426:3:4
5	429
7	430:3:4
5	433
7	434:3:4
5	437
7	438:3:4
5	441
7	442:3:4
5	445
7	446:3:4
5	449
6	401:1:0
5	403
6	405:1:0
5	407
6	409:1:0
5	411
6	413:1:0
5	415
6	417:1:0
5	419
6	421:1:0
5	423
6	425:1:0
5	427
6	429:1:0
5	431
6	433:1:0
5	435
6	437:1:0
5	439
6	441:1:0
5	443
6	445:1:0
5	447
6	449:1:0
5	400
4	402
5	404
4	406
5	408
4	410
5	412
4	414
5	416
4	418
5	420
4	422
5	424
4	426
5	428
4	430
5	432
4	434
5	436
4	438
5	440
4	442
5	444
4	446
5	448
7	400:0:1
4	403
7	404:0:1
4	407
7	408:0:1
4	411
7	412:0:1
4	415
7	416:0:1
4	419
7	420:0:1
4	423
7	424:0:1
4	427
7	428:0:1
4	431
7	432:0:1
4	435
7	436:0:1
4	439
7	440:0:1
4	443
7	444:0:1
4	447
7	448:0:1
5	401
6	403:3:2
5	405
6	407:3:2
5	409
6	411:3:2
5	413
6	415:3:2
5	417
6	419:3:2
5	421
6	423:3:2
5	425
6	427:3:2
5	429
6	431:3:2
5	433
6	435:3:2
5	437
6	439:3:2
5	441
6	443:3:2
5	445
6	447:3:2
5	449
6	401:2:4
5	402
6	405:2:4
5	406
6	409:2:4
5	410
6	413:2:4
5	414
6	417:2:4
5	418
6	421:2:4
5	422
6	425:2:4
5	426
6	429:2:4
5	430
6	433:2:4
5	434
6	437:2:4
5	438
6	441:2:4
5	442
6	445:2:4
5	446
6	449:2:4
5	400
7	402:1:0
5	404
7	406:1:0
5	408
7	410:1:0
5	412
7	414:1:0
5	416
7	418:1:0
5	420
7	422:1:0
5	424
7	426:1:0
5	428
7	430:1:0
5	432
7	434:1:0
5	436
7	438:1:0
5	440
7	442:1:0
5	444
7	446:1:0
5	448
7	400:1:3
5	403
7	404:1:3
5	407
7	408:1:3
5	411
7	412:1:3
5	415
7	416:1:3
5	419
7	420:1:3
5	423
7	424:1:3
5	427
7	428:1:3
5	431
7	432:1:3
5	435
7	436:1:3
5	439
7	440:1:3
5	443
7	444:1:3
5	447
7	448:1:3
5	401
6	403:2:4
5	405
6	407:2:4
5	409
6	411:2:4
5	413
6	415:2:4
5	417
6	419:2:4
5	421
6	423:2:4
5	425
6	427:2:4
5	429
6	431:2:4
5	433
6	435:2:4
5	437
6	439:2:4
5	441
6	443:2:4
5	445
6	447:2:4
5	449
6	401:2:4
5	402
6	405:2:4
5	406
6	409:2:4
5	410
6	413:2:4
5	414
6	417:2:4
5	418
6	421:2:4
5	422
6	425:2:4
5	426
6	429:2:4
5	430
6	433:2:4
5	434
6	437:2:4
5	438
6	441:2:4
5	442
6	445:2:4
5	446
6	449:2:4
5	400
7	402:4:2
5	404
7	406:4:2
5	408
7	410:4:2
5	412
7	414:4:2
5	416
7	418:4:2
5	420
7	422:4:2
5	424
7	426:4:2
5	428
7	430:4:2
5	432
7	434:4:2
5	436
7	438:4:2
5	440
7	442:4:2
5	444
7	446:4:2
5	448
7	400:2:1
5	403
7	404:2:1
5	407
7	408:2:1
5	411
7	412:2:1
5	415
7	416:2:1
5	419
7	420:2:1
5	423
7	424:2:1
5	427
7	428:2:1
5	431
7	432:2:1
5	435
7	436:2:1
5	439
7	440:2:1
5	443
7	444:2:1
5	447
7	448:2:1
5	401
6	403:3:0
5	405
6	407:3:0
5	409
6	411:3:0
5	413
6	415:3:0
5	417
6	419:3:0
5	421
6	423:3:0
5	425
6	427:3:0
5	429
6	431:3:0
5	433
6	435:3:0
5	437
6	439:3:0
5	441
6	443:3:0
5	445
6	447:3:0
5	449
6	401:2:0
5	402
6	405:2:0
5	406
6	409:2:0
5	410
6	413:2:0
5	414
6	417:2:0
5	418
6	421:2:0
5	422
6	425:2:0
5	426
6	429:2:0
5	430
6	433:2:0
5	434
6	437:2:0
5	438
6	441:2:0
5	442
6	445:2:0
5	446
6	449:2:0
5	400
7	402:1:4
5	404
7	406:1:4
5	408
7	410:1:4
5	412
7	414:1:4
5	416
7	418:1:4
5	420
7	422:1:4
5	424
7	426:1:4
5	428
7	430:1:4
5	432
7	434:1:4
5	436
7	438:1:4
5	440
7	442:1:4
5	444
7	446:1:4
5	448
7	400:3:2
5	403
7	404:3:2
5	407
7	408:3:2
5	411
7	412:3:2
5	415
7	416:3:2
5	419
7	420:3:2
5	423
7	424:3:2
5	427
7	428:3:2
5	431
7	432:3:2
5	435
7	436:3:2
5	439
7	440:3:2
5	443
7	444:3:2
5	447
7	448:3:2
8	400:8:0
6	403:0:2
8	404:8:0
6	407:0:2
8	408:8:0
6	411:0:2
8	412:8:0
6	415:0:2
8	416:8:0
6	419:0:2
8	420:8:0
6	423:0:2
8	424:8:0
6	427:0:2
8	428:8:0
6	431:0:2
8	432:8:0
6	435:0:2
8	436:8:0
6	439:0:2
8	440:8:0
6	443:0:2
8	444:8:0
6	447:0:2
8	448:8:0
8	400:8:1
5	402
8	404:8:1
5	406
8	408:8:1
5	410
8	412:8:1
5	414
8	416:8:1
5	418
8	420:8:1
5	422
8	424:8:1
5	426
8	428:8:1
5	430
8	432:8:1
5	434
8	436:8:1
5	438
8	440:8:1
5	442
8	444:8:1
5	446
8	448:8:1
8	400:8:2
7	402:0:1
8	404:8:2
7	406:0:1
8	408:8:2
7	410:0:1
8	412:8:2
7	414:0:1
8	416:8:2
7	418:0:1
8	420:8:2
7	422:0:1
8	424:8:2
7	426:0:1
8	428:8:2
7	430:0:1
8	432:8:2
7	434:0:1
8	436:8:2
7	438:0:1
8	440:8:2
7	442:0:1
8	444:8:2
7	446:0:1
8	448:8:2
8	400:8:3
5	403
8	404:8:3
5	407
8	408:8:3
5	411
8	412:8:3
5	415
8	416:8:3
5	419
8	420:8:3
5	423
8	424:8:3
5	427
8	428:8:3
5	431
8	432:8:3
5	435
8	436:8:3
5	439
8	440:8:3
5	443
8	444:8:3
5	447
8	448:8:3
8	400:8:4
6	403:1:3
8	404:8:4
6	407:1:3
8	408:8:4
6	411:1:3
8	412:8:4
6	415:1:3
8	416:8:4
6	419:1:3
8	420:8:4
6	423:1:3
8	424:8:4
6	427:1:3
8	428:8:4
6	431:1:3
8	432:8:4
6	435:1:3
8	436:8:4
6	439:1:3
8	440:8:4
6	443:1:3
8	444:8:4
6	447:1:3
8	448:8:4
8	400:8:5
5	402
8	404:8:5
5	406
8	408:8:5
5	410
8	412:8:5
5	414
8	416:8:5
5	418
8	420:8:5
5	422
8	424:8:5
5	426
8	428:8:5
5	430
8	432:8:5
5	434
8	436:8:5
5	438
8	440:8:5
5	442
8	444:8:5
5	446
8	448:8:5
8	400:8:7
7	402:0:4
8	404:8:7
7	406:0:4
8	408:8:7
7	410:0:4
8	412:8:7
7	414:0:4
8	416:8:7
7	418:0:4
8	420:8:7
7	422:0:4
8	424:8:7
7	426:0:4
8	428:8:7
7	430:0:4
8	432:8:7
7	434:0:4
8	436:8:7
7	438:0:4
8	440:8:7
7	442:0:4
8	444:8:7
7	446:0:4
8	448:8:7
8	400:8:6
5	403
8	404:8:6
5	407
8	408:8:6
5	411
8	412:8:6
5	415
8	416:8:6
5	419
8	420:8:6
5	423
8	424:8:6
5	427
8	428:8:6
5	431
8	432:8:6
5	435
8	436:8:6
5	439
8	440:8:6
5	443
8	444:8:6
5	447
8	448:8:6
5	401
6	403:0:0
5	405
6	407:0:0
5	409
6	411:0:0
5	413
6	415:0:0
5	417
6	419:0:0
5	421
6	423:0:0
5	425
6	427:0:0
5	429
6	431:0:0
5	433
6	435:0:0
5	437
6	439:0:0
5	441
6	443:0:0
5	445
6	447:0:0
5	449
6	401:0:6
5	402
6	405:0:6
5	406
6	409:0:6
5	410
6	413:0:6
5	414
6	417:0:6
5	418
6	421:0:6
5	422
6	425:0:6
5	426
6	429:0:6
5	430
6	433:0:6
5	434
6	437:0:6
5	438
6	441:0:6
5	442
6	445:0:6
5	446
6	449:0:6
5	400
7	402:3:2
5	404
7	406:3:2
5	408
7	410:3:2
5	412
7	414:3:2
5	416
7	418:3:2
5	420
7	422:3:2
5	424
7	426:3:2
5	428
7	430:3:2
5	432
7	434:3:2
5	436
7	438:3:2
5	440
7	442:3:2
5	444
7	446:3:2
5	448
8	400:13:6
5	403
8	404:13:6
5	407
8	408:13:6
5	411
8	412:13:6
5	415
8	416:13:6
5	419
8	420:13:6
5	423
8	424:13:6
5	427
8	428:13:6
5	431
8	432:13:6
5	435
8	436:13:6
5	439
8	440:13:6
5	443
8	444:13:6
5	447
8	448:13:6
5	401
6	403:1:2
5	405
6	407:1:2
5	409
6	411:1:2
5	413
6	415:1:2
5	417
6	419:1:2
5	421
6	423:1:2
5	425
6	427:1:2
5	429
6	431:1:2
5	433
6	435:1:2
5	437
6	439:1:2
5	441
6	443:1:2
5	445
6	447:1:2
5	449
6	401:3:4
5	402
6	405:3:4
5	406
6	409:3:4
5	410
6	413:3:4
5	414
6	417:3:4
5	418
6	421:3:4
5	422
6	425:3:4
5	426
6	429:3:4
5	430
6	433:3:4
5	434
6	437:3:4
5	438
6	441:3:4
5	442
6	445:3:4
5	446
6	449:3:4
5	400
7	402:1:1
5	404
7	406:1:1
5	408
7	410:1:1
5	412
7	414:1:1
5	416
7	418:1:1
5	420
7	422:1:1
5	424
7	426:1:1
5	428
7	430:1:1
5	432
7	434:1:1
5	436
7	438:1:1
5	440
7	442:1:1
5	444
7	446:1:1
5	448
8	400:13:6
5	403
8	404:13:6
5	407
8	408:13:6
5	411
8	412:13:6
5	415
8	416:13:6
5	419
8	420:13:6
5	423
8	424:13:6
5	427
8	428:13:6
5	431
8	432:13:6
5	435
8	436:13:6
5	439
8	440:13:6
5	443
8	444:13:6
5	447
8	448:13:6
5	401
6	403:0:2
5	405
6	407:0:2
5	409
6	411:0:2
5	413
6	415:0:2
5	417
6	419:0:2
5	421
6	423:0:2
5	425
6	427:0:2
5	429
6	431:0:2
5	433
6	435:0:2
5	437
6	439:0:2
5	441
6	443:0:2
5	445
6	447:0:2
5	449
6	401:3:6
5	402
6	405:3:6
5	406
6	409:3:6
5	410
6	413:3:6
5	414
6	417:3:6
5	418
6	421:3:6
5	422
6	425:3:6
5	426
6	429:3:6
5	430
6	433:3:6
5	434
6	437:3:6
5	438
6	441:3:6
5	442
6	445:3:6
5	446
6	449:3:6
5	400
7	402:1:3
5	404
7	406:1:3
5	408
7	410:1:3
5	412
7	414:1:3
5	416
7	418:1:3
5	420
7	422:1:3
5	424
7	426:1:3
5	428
7	430:1:3
5	432
7	434:1:3
5	436
7	438:1:3
5	440
7	442:1:3
5	444
7	446:1:3
5	448
8	400:6:4
5	403
8	404:6:4
5	407
8	408:6:4
5	411
8	412:6:4
5	415
8	416:6:4
5	419
8	420:6:4
5	423
8	424:6:4
5	427
8	428:6:4
5	431
8	432:6:4
5	435
8	436:6:4
5	439
8	440:6:4
5	443
8	444:6:4
5	447
8	448:6:4
5	401
6	403:0:4
5	405
6	407:0:4
5	409
6	411:0:4
5	413
6	415:0:4
5	417
6	419:0:4
5	421
6	423:0:4
5	425
6	427:0:4
5	429
6	431:0:4
5	433
6	435:0:4
5	437
6	439:0:4
5	441
6	443:0:4
5	445
6	447:0:4
5	449
6	401:0:2
5	402
6	405:0:2
5	406
6	409:0:2
5	410
6	413:0:2
5	414
6	417:0:2
5	418
6	421:0:2
5	422
6	425:0:2
5	426
6	429:0:2
5	430
6	433:0:2
5	434
6	437:0:2
5	438
6	441:0:2
5	442
6	445:0:2
5	446
6	449:0:2
5	400
7	402:2:2
5	404
7	406:2:2
5	408
7	410:2:2
5	412
7	414:2:2
5	416
7	418:2:2
5	420
7	422:2:2
5	424
7	426:2:2
5	428
7	430:2:2
5	432
7	434:2:2
5	436
7	438:2:2
5	440
7	442:2:2
5	444
7	446:2:2
5	448
5	401
5	402
5	405
5	406
5	409
5	410
5	413
5	414
5	417
5	418
5	421
5	422
5	425
5	426
5	429
5	430
5	433
5	434
5	437
5	438
5	441
5	442
5	445
5	446
5	449
4	400
4	402
4	404
4	406
4	408
4	410
4	412
4	414
4	416
4	418
4	420
4	422
4	424
4	426
4	428
4	430
4	432
4	434
4	436
4	438
4	440
4	442
4	444
4	446
4	448
4	401
4	403
4	405
4	407
4	409
4	411
4	413
4	415
4	417
4	419
4	421
4	423
4	425
4	427
4	429
4	431
4	433
4	435
4	437
4	439
4	441
4	443
4	445
4	447
4	449
2	400
2	402
2	404
2	406
2	408
2	410
2	412
2	414
2	416
2	418
2	420
2	422
2	424
2	426
2	428
2	430
2	432
2	434
2	436
2	438
2	440
2	442
2	444
2	446
2	448
2	401
2	403
2	405
2	407
2	409
2	411
2	413
2	415
2	417
2	419
2	421
2	423
2	425
2	427
2	429
2	431
2	433
2	435
2	437
2	439
2	441
2	443
2	445
2	447
2	449
