3400
0	J100:100:J101:101
1	J100
3	100
1	J101
3	100
3	101
9	100
9	101
4	100
4	101
5	100
5	101
7	100:0:2
5	101
4	100
4	101
6	101:0:0
5	100
4	100
4	101
7	100:0:3
5	101
4	100
4	101
6	101:3:6
5	100
4	100
4	101
7	100:0:0
5	101
4	100
4	101
6	101:2:6
5	100
4	100
4	101
7	100:4:0
5	101
4	100
4	101
6	101:2:6
5	100
4	100
4	101
7	100:4:4
5	101
4	100
4	101
6	101:3:6
5	100
4	100
4	101
7	100:4:1
5	101
4	100
4	101
6	101:2:6
5	100
4	100
4	101
7	100:4:3
5	101
4	100
4	101
6	101:3:6
5	100
4	100
4	101
7	100:3:1
5	101
4	100
4	101
6	101:2:0
5	100
4	100
4	101
7	100:3:3
5	101
4	100
4	101
6	101:3:4
5	100
4	100
4	101
7	100:3:0
5	101
4	100
4	101
6	101:2:2
5	100
4	100
4	101
7	100:3:4
5	101
4	100
4	101
6	101:3:2
5	100
7	100:1:0
5	101
6	101:2:4
5	100
7	100:4:2
5	101
6	101:3:0
5	100
7	100:1:4
5	101
6	101:0:2
5	100
7	100:0:1
5	101
6	101:1:3
5	100
7	100:0:4
5	101
6	101:0:0
5	100
7	100:3:2
5	101
6	101:1:2
5	100
7	100:1:1
5	101
6	101:0:2
5	100
7	100:1:3
5	101
6	101:0:4
5	100
7	100:2:2
5	100
4	100
4	101
2	100
2	101
0	J102:102:J103:103
1	J102
3	102
1	J103
3	102
3	103
9	102
9	103
4	102
4	103
5	102
5	103
6	102:0:0
6	103:0:0
7	103:0:1
7	102:0:0
7	102:2:2
4	102
4	103
5	103
6	103:0:1
5	102
7	102:3:3
5	103
6	103:3:4
5	102
7	102:2:3
5	103
6	103:2:7
5	102
7	102:3:2
5	103
6	103:2:7
5	102
7	102:2:4
5	103
6	103:2:0
5	102
7	102:3:4
5	103
6	103:3:5
6	103:0:1
5	102
7	102:4:4
5	103
6	103:0:2
5	102
7	102:4:0
5	103
6	103:0:4
5	102
7	102:4:6
7	102:4:2
5	103
6	103:1:3
5	102
7	102:3:0
5	103
6	103:1:3
5	102
7	102:2:0
5	103
6	103:1:5
5	102
7	102:1:0
5	103
6	103:1:5
5	102
7	102:0:4
5	103
6	103:0:6
5	102
7	102:4:1
5	103
6	103:2:4
5	102
7	102:1:4
5	103
6	103:3:0
6	103:3:1
6	103:3:2
6	103:3:3
6	103:3:4
6	103:3:5
6	103:3:6
6	103:1:1
5	102
7	102:0:0
5	103
6	103:1:6
5	102
7	102:0:3
5	103
6	103:1:0
5	102
7	102:0:1
5	103
6	103:2:4
5	102
7	102:1:3
5	103
6	103:2:4
5	102
7	102:2:1
5	103
6	103:2:0
5	102
7	102:3:2
8	102:8:0
8	102:8:1
8	102:8:2
8	102:8:3
8	102:8:4
8	102:8:5
8	102:8:7
8	102:8:6
5	103
6	103:0:6
5	102
8	102:13:6
5	103
6	103:3:4
5	102
8	102:13:6
5	103
6	103:3:6
5	102
8	102:6:4
5	103
6	103:0:2
5	102
5	103
4	102
4	103
2	102
2	103
0	J104:104:J105:105
1	J104
3	104
1	J105
3	104
3	105
9	104
9	105
4	104
4	105
5	104
5	105
7	104:0:2
5	105
4	104
4	105
6	105:0:0
5	104
4	104
4	105
7	104:0:3
5	105
4	104
4	105
6	105:3:6
5	104
4	104
4	105
7	104:0:0
5	105
4	104
4	105
6	105:2:6
5	104
4	104
4	105
7	104:4:0
5	105
4	104
4	105
6	105:2:6
5	104
4	104
4	105
7	104:4:4
5	105
4	104
4	105
6	105:3:6
5	104
4	104
4	105
7	104:4:1
5	105
4	104
4	105
6	105:2:6
5	104
4	104
4	105
7	104:4:3
5	105
4	104
4	105
6	105:3:6
5	104
4	104
4	105
7	104:3:1
5	105
4	104
4	105
6	105:2:0
5	104
4	104
4	105
7	104:3:3
5	105
4	104
4	105
6	105:3:4
5	104
4	104
4	105
7	104:3:0
5	105
4	104
4	105
6	105:2:2
5	104
4	104
4	105
7	104:3:4
5	105
4	104
4	105
6	105:3:2
5	104
7	104:1:0
5	105
6	105:2:4
5	104
7	104:4:2
5	105
6	105:3:0
5	104
7	104:1:4
5	105
6	105:0:2
5	104
7	104:0:1
5	105
6	105:1:3
5	104
7	104:0:4
5	105
6	105:0:0
5	104
7	104:3:2
5	105
6	105:1:2
5	104
7	104:1:1
5	105
6	105:0:2
5	104
7	104:1:3
5	105
6	105:0:4
5	104
7	104:2:2
5	104
4	104
4	105
2	104
2	105
0	J106:106:J107:107
1	J106
3	106
1	J107
3	106
3	107
9	106
9	107
4	106
4	107
5	106
5	107
6	106:0:0
6	107:0:0
7	107:0:1
7	106:0:0
7	106:2:2
4	106
4	107
5	107
6	107:0:1
5	106
7	106:3:3
5	107
6	107:3:4
5	106
7	106:2:3
5	107
6	107:2:7
5	106
7	106:3:2
5	107
6	107:2:7
5	106
7	106:2:4
5	107
6	107:2:0
5	106
7	106:3:4
5	107
6	107:3:5
6	107:0:1
5	106
7	106:4:4
5	107
6	107:0:2
5	106
7	106:4:0
5	107
6	107:0:4
5	106
7	106:4:6
7	106:4:2
5	107
6	107:1:3
5	106
7	106:3:0
5	107
6	107:1:3
5	106
7	106:2:0
5	107
6	107:1:5
5	106
7	106:1:0
5	107
6	107:1:5
5	106
7	106:0:4
5	107
6	107:0:6
5	106
7	106:4:1
5	107
6	107:2:4
5	106
7	106:1:4
5	107
6	107:3:0
6	107:3:1
6	107:3:2
6	107:3:3
6	107:3:4
6	107:3:5
6	107:3:6
6	107:1:1
5	106
7	106:0:0
5	107
6	107:1:6
5	106
7	106:0:3
5	107
6	107:1:0
5	106
7	106:0:1
5	107
6	107:2:4
5	106
7	106:1:3
5	107
6	107:2:4
5	106
7	106:2:1
5	107
6	107:2:0
5	106
7	106:3:2
8	106:8:0
8	106:8:1
8	106:8:2
8	106:8:3
8	106:8:4
8	106:8:5
8	106:8:7
8	106:8:6
5	107
6	107:0:6
5	106
8	106:13:6
5	107
6	107:3:4
5	106
8	106:13:6
5	107
6	107:3:6
5	106
8	106:6:4
5	107
6	107:0:2
5	106
5	107
4	106
4	107
2	106
2	107
0	J108:108:J109:109
1	J108
3	108
1	J109
3	108
3	109
9	108
9	109
4	108
4	109
5	108
5	109
7	108:0:2
5	109
4	108
4	109
6	109:0:0
5	108
4	108
4	109
7	108:0:3
5	109
4	108
4	109
6	109:3:6
5	108
4	108
4	109
7	108:0:0
5	109
4	108
4	109
6	109:2:6
5	108
4	108
4	109
7	108:4:0
5	109
4	108
4	109
6	109:2:6
5	108
4	108
4	109
7	108:4:4
5	109
4	108
4	109
6	109:3:6
5	108
4	108
4	109
7	108:4:1
5	109
4	108
4	109
6	109:2:6
5	108
4	108
4	109
7	108:4:3
5	109
4	108
4	109
6	109:3:6
5	108
4	108
4	109
7	108:3:1
5	109
4	108
4	109
6	109:2:0
5	108
4	108
4	109
7	108:3:3
5	109
4	108
4	109
6	109:3:4
5	108
4	108
4	109
7	108:3:0
5	109
4	108
4	109
6	109:2:2
5	108
4	108
4	109
7	108:3:4
5	109
4	108
4	109
6	109:3:2
5	108
7	108:1:0
5	109
6	109:2:4
5	108
7	108:4:2
5	109
6	109:3:0
5	108
7	108:1:4
5	109
6	109:0:2
5	108
7	108:0:1
5	109
6	109:1:3
5	108
7	108:0:4
5	109
6	109:0:0
5	108
7	108:3:2
5	109
6	109:1:2
5	108
7	108:1:1
5	109
6	109:0:2
5	108
7	108:1:3
5	109
6	109:0:4
5	108
7	108:2:2
5	108
4	108
4	109
2	108
2	109
0	J110:110:J111:111
1	J110
3	110
1	J111
3	110
3	111
9	110
9	111
4	110
4	111
5	110
5	111
6	110:0:0
6	111:0:0
7	111:0:1
7	110:0:0
7	110:2:2
4	110
4	111
5	111
6	111:0:1
5	110
7	110:3:3
5	111
6	111:3:4
5	110
7	110:2:3
5	111
6	111:2:7
5	110
7	110:3:2
5	111
6	111:2:7
5	110
7	110:2:4
5	111
6	111:2:0
5	110
7	110:3:4
5	111
6	111:3:5
6	111:0:1
5	110
7	110:4:4
5	111
6	111:0:2
5	110
7	110:4:0
5	111
6	111:0:4
5	110
7	110:4:6
7	110:4:2
5	111
6	111:1:3
5	110
7	110:3:0
5	111
6	111:1:3
5	110
7	110:2:0
5	111
6	111:1:5
5	110
7	110:1:0
5	111
6	111:1:5
5	110
7	110:0:4
5	111
6	111:0:6
5	110
7	110:4:1
5	111
6	111:2:4
5	110
7	110:1:4
5	111
6	111:3:0
6	111:3:1
6	111:3:2
6	111:3:3
6	111:3:4
6	111:3:5
6	111:3:6
6	111:1:1
5	110
7	110:0:0
5	111
6	111:1:6
5	110
7	110:0:3
5	111
6	111:1:0
5	110
7	110:0:1
5	111
6	111:2:4
5	110
7	110:1:3
5	111
6	111:2:4
5	110
7	110:2:1
5	111
6	111:2:0
5	110
7	110:3:2
8	110:8:0
8	110:8:1
8	110:8:2
8	110:8:3
8	110:8:4
8	110:8:5
8	110:8:7
8	110:8:6
5	111
6	111:0:6
5	110
8	110:13:6
5	111
6	111:3:4
5	110
8	110:13:6
5	111
6	111:3:6
5	110
8	110:6:4
5	111
6	111:0:2
5	110
5	111
4	110
4	111
2	110
2	111
0	J112:112:J113:113
1	J112
3	112
1	J113
3	112
3	113
9	112
9	113
4	112
4	113
5	112
5	113
7	112:0:2
5	113
4	112
4	113
6	113:0:0
5	112
4	112
4	113
7	112:0:3
5	113
4	112
4	113
6	113:3:6
5	112
4	112
4	113
7	112:0:0
5	113
4	112
4	113
6	113:2:6
5	112
4	112
4	113
7	112:4:0
5	113
4	112
4	113
6	113:2:6
5	112
4	112
4	113
7	112:4:4
5	113
4	112
4	113
6	113:3:6
5	112
4	112
4	113
7	112:4:1
5	113
4	112
4	113
6	113:2:6
5	112
4	112
4	113
7	112:4:3
5	113
4	112
4	113
6	113:3:6
5	112
4	112
4	113
7	112:3:1
5	113
4	112
4	113
6	113:2:0
5	112
4	112
4	113
7	112:3:3
5	113
4	112
4	113
6	113:3:4
5	112
4	112
4	113
7	112:3:0
5	113
4	112
4	113
6	113:2:2
5	112
4	112
4	113
7	112:3:4
5	113
4	112
4	113
6	113:3:2
5	112
7	112:1:0
5	113
6	113:2:4
5	112
7	112:4:2
5	113
6	113:3:0
5	112
7	112:1:4
5	113
6	113:0:2
5	112
7	112:0:1
5	113
6	113:1:3
5	112
7	112:0:4
5	113
6	113:0:0
5	112
7	112:3:2
5	113
6	113:1:2
5	112
7	112:1:1
5	113
6	113:0:2
5	112
7	112:1:3
5	113
6	113:0:4
5	112
7	112:2:2
5	112
4	112
4	113
2	112
2	113
0	J114:114:J115:115
1	J114
3	114
1	J115
3	114
3	115
9	114
9	115
4	114
4	115
5	114
5	115
6	114:0:0
6	115:0:0
7	115:0:1
7	114:0:0
7	114:2:2
4	114
4	115
5	115
6	115:0:1
5	114
7	114:3:3
5	115
6	115:3:4
5	114
7	114:2:3
5	115
6	115:2:7
5	114
7	114:3:2
5	115
6	115:2:7
5	114
7	114:2:4
5	115
6	115:2:0
5	114
7	114:3:4
5	115
6	115:3:5
6	115:0:1
5	114
7	114:4:4
5	115
6	115:0:2
5	114
7	114:4:0
5	115
6	115:0:4
5	114
7	114:4:6
7	114:4:2
5	115
6	115:1:3
5	114
7	114:3:0
5	115
6	115:1:3
5	114
7	114:2:0
5	115
6	115:1:5
5	114
7	114:1:0
5	115
6	115:1:5
5	114
7	114:0:4
5	115
6	115:0:6
5	114
7	114:4:1
5	115
6	115:2:4
5	114
7	114:1:4
5	115
6	115:3:0
6	115:3:1
6	115:3:2
6	115:3:3
6	115:3:4
6	115:3:5
6	115:3:6
6	115:1:1
5	114
7	114:0:0
5	115
6	115:1:6
5	114
7	114:0:3
5	115
6	115:1:0
5	114
7	114:0:1
5	115
6	115:2:4
5	114
7	114:1:3
5	115
6	115:2:4
5	114
7	114:2:1
5	115
6	115:2:0
5	114
7	114:3:2
8	114:8:0
8	114:8:1
8	114:8:2
8	114:8:3
8	114:8:4
8	114:8:5
8	114:8:7
8	114:8:6
5	115
6	115:0:6
5	114
8	114:13:6
5	115
6	115:3:4
5	114
8	114:13:6
5	115
6	115:3:6
5	114
8	114:6:4
5	115
6	115:0:2
5	114
5	115
4	114
4	115
2	114
2	115
0	J116:116:J117:117
1	J116
3	116
1	J117
3	116
3	117
9	116
9	117
4	116
4	117
5	116
5	117
7	116:0:2
5	117
4	116
4	117
6	117:0:0
5	116
4	116
4	117
7	116:0:3
5	117
4	116
4	117
6	117:3:6
5	116
4	116
4	117
7	116:0:0
5	117
4	116
4	117
6	117:2:6
5	116
4	116
4	117
7	116:4:0
5	117
4	116
4	117
6	117:2:6
5	116
4	116
4	117
7	116:4:4
5	117
4	116
4	117
6	117:3:6
5	116
4	116
4	117
7	116:4:1
5	117
4	116
4	117
6	117:2:6
5	116
4	116
4	117
7	116:4:3
5	117
4	116
4	117
6	117:3:6
5	116
4	116
4	117
7	116:3:1
5	117
4	116
4	117
6	117:2:0
5	116
4	116
4	117
7	116:3:3
5	117
4	116
4	117
6	117:3:4
5	116
4	116
4	117
7	116:3:0
5	117
4	116
4	117
6	117:2:2
5	116
4	116
4	117
7	116:3:4
5	117
4	116
4	117
6	117:3:2
5	116
7	116:1:0
5	117
6	117:2:4
5	116
7	116:4:2
5	117
6	117:3:0
5	116
7	116:1:4
5	117
6	117:0:2
5	116
7	116:0:1
5	117
6	117:1:3
5	116
7	116:0:4
5	117
6	117:0:0
5	116
7	116:3:2
5	117
6	117:1:2
5	116
7	116:1:1
5	117
6	117:0:2
5	116
7	116:1:3
5	117
6	117:0:4
5	116
7	116:2:2
5	116
4	116
4	117
2	116
2	117
0	J118:118:J119:119
1	J118
3	118
1	J119
3	118
3	119
9	118
9	119
4	118
4	119
5	118
5	119
6	118:0:0
6	119:0:0
7	119:0:1
7	118:0:0
7	118:2:2
4	118
4	119
5	119
6	119:0:1
5	118
7	118:3:3
5	119
6	119:3:4
5	118
7	118:2:3
5	119
6	119:2:7
5	118
7	118:3:2
5	119
6	119:2:7
5	118
7	118:2:4
5	119
6	119:2:0
5	118
7	118:3:4
5	119
6	119:3:5
6	119:0:1
5	118
7	118:4:4
5	119
6	119:0:2
5	118
7	118:4:0
5	119
6	119:0:4
5	118
7	118:4:6
7	118:4:2
5	119
6	119:1:3
5	118
7	118:3:0
5	119
6	119:1:3
5	118
7	118:2:0
5	119
6	119:1:5
5	118
7	118:1:0
5	119
6	119:1:5
5	118
7	118:0:4
5	119
6	119:0:6
5	118
7	118:4:1
5	119
6	119:2:4
5	118
7	118:1:4
5	119
6	119:3:0
6	119:3:1
6	119:3:2
6	119:3:3
6	119:3:4
6	119:3:5
6	119:3:6
6	119:1:1
5	118
7	118:0:0
5	119
6	119:1:6
5	118
7	118:0:3
5	119
6	119:1:0
5	118
7	118:0:1
5	119
6	119:2:4
5	118
7	118:1:3
5	119
6	119:2:4
5	118
7	118:2:1
5	119
6	119:2:0
5	118
7	118:3:2
8	118:8:0
8	118:8:1
8	118:8:2
8	118:8:3
8	118:8:4
8	118:8:5
8	118:8:7
8	118:8:6
5	119
6	119:0:6
5	118
8	118:13:6
5	119
6	119:3:4
5	118
8	118:13:6
5	119
6	119:3:6
5	118
8	118:6:4
5	119
6	119:0:2
5	118
5	119
4	118
4	119
2	118
2	119
0	J120:120:J121:121
1	J120
3	120
1	J121
3	120
3	121
9	120
9	121
4	120
4	121
5	120
5	121
7	120:0:2
5	121
4	120
4	121
6	121:0:0
5	120
4	120
4	121
7	120:0:3
5	121
4	120
4	121
6	121:3:6
5	120
4	120
4	121
7	120:0:0
5	121
4	120
4	121
6	121:2:6
5	120
4	120
4	121
7	120:4:0
5	121
4	120
4	121
6	121:2:6
5	120
4	120
4	121
7	120:4:4
5	121
4	120
4	121
6	121:3:6
5	120
4	120
4	121
7	120:4:1
5	121
4	120
4	121
6	121:2:6
5	120
4	120
4	121
7	120:4:3
5	121
4	120
4	121
6	121:3:6
5	120
4	120
4	121
7	120:3:1
5	121
4	120
4	121
6	121:2:0
5	120
4	120
4	121
7	120:3:3
5	121
4	120
4	121
6	121:3:4
5	120
4	120
4	121
7	120:3:0
5	121
4	120
4	121
6	121:2:2
5	120
4	120
4	121
7	120:3:4
5	121
4	120
4	121
6	121:3:2
5	120
7	120:1:0
5	121
6	121:2:4
5	120
7	120:4:2
5	121
6	121:3:0
5	120
7	120:1:4
5	121
6	121:0:2
5	120
7	120:0:1
5	121
6	121:1:3
5	120
7	120:0:4
5	121
6	121:0:0
5	120
7	120:3:2
5	121
6	121:1:2
5	120
7	120:1:1
5	121
6	121:0:2
5	120
7	120:1:3
5	121
6	121:0:4
5	120
7	120:2:2
5	120
4	120
4	121
2	120
2	121
0	J122:122:J123:123
1	J122
3	122
1	J123
3	122
3	123
9	122
9	123
4	122
4	123
5	122
5	123
6	122:0:0
6	123:0:0
7	123:0:1
7	122:0:0
7	122:2:2
4	122
4	123
5	123
6	123:0:1
5	122
7	122:3:3
5	123
6	123:3:4
5	122
7	122:2:3
5	123
6	123:2:7
5	122
7	122:3:2
5	123
6	123:2:7
5	122
7	122:2:4
5	123
6	123:2:0
5	122
7	122:3:4
5	123
6	123:3:5
6	123:0:1
5	122
7	122:4:4
5	123
6	123:0:2
5	122
7	122:4:0
5	123
6	123:0:4
5	122
7	122:4:6
7	122:4:2
5	123
6	123:1:3
5	122
7	122:3:0
5	123
6	123:1:3
5	122
7	122:2:0
5	123
6	123:1:5
5	122
7	122:1:0
5	123
6	123:1:5
5	122
7	122:0:4
5	123
6	123:0:6
5	122
7	122:4:1
5	123
6	123:2:4
5	122
7	122:1:4
5	123
6	123:3:0
6	123:3:1
6	123:3:2
6	123:3:3
6	123:3:4
6	123:3:5
6	123:3:6
6	123:1:1
5	122
7	122:0:0
5	123
6	123:1:6
5	122
7	122:0:3
5	123
6	123:1:0
5	122
7	122:0:1
5	123
6	123:2:4
5	122
7	122:1:3
5	123
6	123:2:4
5	122
7	122:2:1
5	123
6	123:2:0
5	122
7	122:3:2
8	122:8:0
8	122:8:1
8	122:8:2
8	122:8:3
8	122:8:4
8	122:8:5
8	122:8:7
8	122:8:6
5	123
6	123:0:6
5	122
8	122:13:6
5	123
6	123:3:4
5	122
8	122:13:6
5	123
6	123:3:6
5	122
8	122:6:4
5	123
6	123:0:2
5	122
5	123
4	122
4	123
2	122
2	123
0	J124:124:J125:125
1	J124
3	124
1	J125
3	124
3	125
9	124
9	125
4	124
4	125
5	124
5	125
7	124:0:2
5	125
4	124
4	125
6	125:0:0
5	124
4	124
4	125
7	124:0:3
5	125
4	124
4	125
6	125:3:6
5	124
4	124
4	125
7	124:0:0
5	125
4	124
4	125
6	125:2:6
5	124
4	124
4	125
7	124:4:0
5	125
4	124
4	125
6	125:2:6
5	124
4	124
4	125
7	124:4:4
5	125
4	124
4	125
6	125:3:6
5	124
4	124
4	125
7	124:4:1
5	125
4	124
4	125
6	125:2:6
5	124
4	124
4	125
7	124:4:3
5	125
4	124
4	125
6	125:3:6
5	124
4	124
4	125
7	124:3:1
5	125
4	124
4	125
6	125:2:0
5	124
4	124
4	125
7	124:3:3
5	125
4	124
4	125
6	125:3:4
5	124
4	124
4	125
7	124:3:0
5	125
4	124
4	125
6	125:2:2
5	124
4	124
4	125
7	124:3:4
5	125
4	124
4	125
6	125:3:2
5	124
7	124:1:0
5	125
6	125:2:4
5	124
7	124:4:2
5	125
6	125:3:0
5	124
7	124:1:4
5	125
6	125:0:2
5	124
7	124:0:1
5	125
6	125:1:3
5	124
7	124:0:4
5	125
6	125:0:0
5	124
7	124:3:2
5	125
6	125:1:2
5	124
7	124:1:1
5	125
6	125:0:2
5	124
7	124:1:3
5	125
6	125:0:4
5	124
7	124:2:2
5	124
4	124
4	125
2	124
2	125
0	J126:126:J127:127
1	J126
3	126
1	J127
3	126
3	127
9	126
9	127
4	126
4	127
5	126
5	127
6	126:0:0
6	127:0:0
7	127:0:1
7	126:0:0
7	126:2:2
4	126
4	127
5	127
6	127:0:1
5	126
7	126:3:3
5	127
6	127:3:4
5	126
7	126:2:3
5	127
6	127:2:7
5	126
7	126:3:2
5	127
6	127:2:7
5	126
7	126:2:4
5	127
6	127:2:0
5	126
7	126:3:4
5	127
6	127:3:5
6	127:0:1
5	126
7	126:4:4
5	127
6	127:0:2
5	126
7	126:4:0
5	127
6	127:0:4
5	126
7	126:4:6
7	126:4:2
5	127
6	127:1:3
5	126
7	126:3:0
5	127
6	127:1:3
5	126
7	126:2:0
5	127
6	127:1:5
5	126
7	126:1:0
5	127
6	127:1:5
5	126
7	126:0:4
5	127
6	127:0:6
5	126
7	126:4:1
5	127
6	127:2:4
5	126
7	126:1:4
5	127
6	127:3:0
6	127:3:1
6	127:3:2
6	127:3:3
6	127:3:4
6	127:3:5
6	127:3:6
6	127:1:1
5	126
7	126:0:0
5	127
6	127:1:6
5	126
7	126:0:3
5	127
6	127:1:0
5	126
7	126:0:1
5	127
6	127:2:4
5	126
7	126:1:3
5	127
6	127:2:4
5	126
7	126:2:1
5	127
6	127:2:0
5	126
7	126:3:2
8	126:8:0
8	126:8:1
8	126:8:2
8	126:8:3
8	126:8:4
8	126:8:5
8	126:8:7
8	126:8:6
5	127
6	127:0:6
5	126
8	126:13:6
5	127
6	127:3:4
5	126
8	126:13:6
5	127
6	127:3:6
5	126
8	126:6:4
5	127
6	127:0:2
5	126
5	127
4	126
4	127
2	126
2	127
0	J128:128:J129:129
1	J128
3	128
1	J129
3	128
3	129
9	128
9	129
4	128
4	129
5	128
5	129
7	128:0:2
5	129
4	128
4	129
6	129:0:0
5	128
4	128
4	129
7	128:0:3
5	129
4	128
4	129
6	129:3:6
5	128
4	128
4	129
7	128:0:0
5	129
4	128
4	129
6	129:2:6
5	128
4	128
4	129
7	128:4:0
5	129
4	128
4	129
6	129:2:6
5	128
4	128
4	129
7	128:4:4
5	129
4	128
4	129
6	129:3:6
5	128
4	128
4	129
7	128:4:1
5	129
4	128
4	129
6	129:2:6
5	128
4	128
4	129
7	128:4:3
5	129
4	128
4	129
6	129:3:6
5	128
4	128
4	129
7	128:3:1
5	129
4	128
4	129
6	129:2:0
5	128
4	128
4	129
7	128:3:3
5	129
4	128
4	129
6	129:3:4
5	128
4	128
4	129
7	128:3:0
5	129
4	128
4	129
6	129:2:2
5	128
4	128
4	129
7	128:3:4
5	129
4	128
4	129
6	129:3:2
5	128
7	128:1:0
5	129
6	129:2:4
5	128
7	128:4:2
5	129
6	129:3:0
5	128
7	128:1:4
5	129
6	129:0:2
5	128
7	128:0:1
5	129
6	129:1:3
5	128
7	128:0:4
5	129
6	129:0:0
5	128
7	128:3:2
5	129
6	129:1:2
5	128
7	128:1:1
5	129
6	129:0:2
5	128
7	128:1:3
5	129
6	129:0:4
5	128
7	128:2:2
5	128
4	128
4	129
2	128
2	129
0	J130:130:J131:131
1	J130
3	130
1	J131
3	130
3	131
9	130
9	131
4	130
4	131
5	130
5	131
6	130:0:0
6	131:0:0
7	131:0:1
7	130:0:0
7	130:2:2
4	130
4	131
5	131
6	131:0:1
5	130
7	130:3:3
5	131
6	131:3:4
5	130
7	130:2:3
5	131
6	131:2:7
5	130
7	130:3:2
5	131
6	131:2:7
5	130
7	130:2:4
5	131
6	131:2:0
5	130
7	130:3:4
5	131
6	131:3:5
6	131:0:1
5	130
7	130:4:4
5	131
6	131:0:2
5	130
7	130:4:0
5	131
6	131:0:4
5	130
7	130:4:6
7	130:4:2
5	131
6	131:1:3
5	130
7	130:3:0
5	131
6	131:1:3
5	130
7	130:2:0
5	131
6	131:1:5
5	130
7	130:1:0
5	131
6	131:1:5
5	130
7	130:0:4
5	131
6	131:0:6
5	130
7	130:4:1
5	131
6	131:2:4
5	130
7	130:1:4
5	131
6	131:3:0
6	131:3:1
6	131:3:2
6	131:3:3
6	131:3:4
6	131:3:5
6	131:3:6
6	131:1:1
5	130
7	130:0:0
5	131
6	131:1:6
5	130
7	130:0:3
5	131
6	131:1:0
5	130
7	130:0:1
5	131
6	131:2:4
5	130
7	130:1:3
5	131
6	131:2:4
5	130
7	130:2:1
5	131
6	131:2:0
5	130
7	130:3:2
8	130:8:0
8	130:8:1
8	130:8:2
8	130:8:3
8	130:8:4
8	130:8:5
8	130:8:7
8	130:8:6
5	131
6	131:0:6
5	130
8	130:13:6
5	131
6	131:3:4
5	130
8	130:13:6
5	131
6	131:3:6
5	130
8	130:6:4
5	131
6	131:0:2
5	130
5	131
4	130
4	131
2	130
2	131
0	J132:132:J133:133
1	J132
3	132
1	J133
3	132
3	133
9	132
9	133
4	132
4	133
5	132
5	133
7	132:0:2
5	133
4	132
4	133
6	133:0:0
5	132
4	132
4	133
7	132:0:3
5	133
4	132
4	133
6	133:3:6
5	132
4	132
4	133
7	132:0:0
5	133
4	132
4	133
6	133:2:6
5	132
4	132
4	133
7	132:4:0
5	133
4	132
4	133
6	133:2:6
5	132
4	132
4	133
7	132:4:4
5	133
4	132
4	133
6	133:3:6
5	132
4	132
4	133
7	132:4:1
5	133
4	132
4	133
6	133:2:6
5	132
4	132
4	133
7	132:4:3
5	133
4	132
4	133
6	133:3:6
5	132
4	132
4	133
7	132:3:1
5	133
4	132
4	133
6	133:2:0
5	132
4	132
4	133
7	132:3:3
5	133
4	132
4	133
6	133:3:4
5	132
4	132
4	133
7	132:3:0
5	133
4	132
4	133
6	133:2:2
5	132
4	132
4	133
7	132:3:4
5	133
4	132
4	133
6	133:3:2
5	132
7	132:1:0
5	133
6	133:2:4
5	132
7	132:4:2
5	133
6	133:3:0
5	132
7	132:1:4
5	133
6	133:0:2
5	132
7	132:0:1
5	133
6	133:1:3
5	132
7	132:0:4
5	133
6	133:0:0
5	132
7	132:3:2
5	133
6	133:1:2
5	132
7	132:1:1
5	133
6	133:0:2
5	132
7	132:1:3
5	133
6	133:0:4
5	132
7	132:2:2
5	132
4	132
4	133
2	132
2	133
0	J134:134:J135:135
1	J134
3	134
1	J135
3	134
3	135
9	134
9	135
4	134
4	135
5	134
5	135
6	134:0:0
6	135:0:0
7	135:0:1
7	134:0:0
7	134:2:2
4	134
4	135
5	135
6	135:0:1
5	134
7	134:3:3
5	135
6	135:3:4
5	134
7	134:2:3
5	135
6	135:2:7
5	134
7	134:3:2
5	135
6	135:2:7
5	134
7	134:2:4
5	135
6	135:2:0
5	134
7	134:3:4
5	135
6	135:3:5
6	135:0:1
5	134
7	134:4:4
5	135
6	135:0:2
5	134
7	134:4:0
5	135
6	135:0:4
5	134
7	134:4:6
7	134:4:2
5	135
6	135:1:3
5	134
7	134:3:0
5	135
6	135:1:3
5	134
7	134:2:0
5	135
6	135:1:5
5	134
7	134:1:0
5	135
6	135:1:5
5	134
7	134:0:4
5	135
6	135:0:6
5	134
7	134:4:1
5	135
6	135:2:4
5	134
7	134:1:4
5	135
6	135:3:0
6	135:3:1
6	135:3:2
6	135:3:3
6	135:3:4
6	135:3:5
6	135:3:6
6	135:1:1
5	134
7	134:0:0
5	135
6	135:1:6
5	134
7	134:0:3
5	135
6	135:1:0
5	134
7	134:0:1
5	135
6	135:2:4
5	134
7	134:1:3
5	135
6	135:2:4
5	134
7	134:2:1
5	135
6	135:2:0
5	134
7	134:3:2
8	134:8:0
8	134:8:1
8	134:8:2
8	134:8:3
8	134:8:4
8	134:8:5
8	134:8:7
8	134:8:6
5	135
6	135:0:6
5	134
8	134:13:6
5	135
6	135:3:4
5	134
8	134:13:6
5	135
6	135:3:6
5	134
8	134:6:4
5	135
6	135:0:2
5	134
5	135
4	134
4	135
2	134
2	135
0	J136:136:J137:137
1	J136
3	136
1	J137
3	136
3	137
9	136
9	137
4	136
4	137
5	136
5	137
7	136:0:2
5	137
4	136
4	137
6	137:0:0
5	136
4	136
4	137
7	136:0:3
5	137
4	136
4	137
6	137:3:6
5	136
4	136
4	137
7	136:0:0
5	137
4	136
4	137
6	137:2:6
5	136
4	136
4	137
7	136:4:0
5	137
4	136
4	137
6	137:2:6
5	136
4	136
4	137
7	136:4:4
5	137
4	136
4	137
6	137:3:6
5	136
4	136
4	137
7	136:4:1
5	137
4	136
4	137
6	137:2:6
5	136
4	136
4	137
7	136:4:3
5	137
4	136
4	137
6	137:3:6
5	136
4	136
4	137
7	136:3:1
5	137
4	136
4	137
6	137:2:0
5	136
4	136
4	137
7	136:3:3
5	137
4	136
4	137
6	137:3:4
5	136
4	136
4	137
7	136:3:0
5	137
4	136
4	137
6	137:2:2
5	136
4	136
4	137
7	136:3:4
5	137
4	136
4	137
6	137:3:2
5	136
7	136:1:0
5	137
6	137:2:4
5	136
7	136:4:2
5	137
6	137:3:0
5	136
7	136:1:4
5	137
6	137:0:2
5	136
7	136:0:1
5	137
6	137:1:3
5	136
7	136:0:4
5	137
6	137:0:0
5	136
7	136:3:2
5	137
6	137:1:2
5	136
7	136:1:1
5	137
6	137:0:2
5	136
7	136:1:3
5	137
6	137:0:4
5	136
7	136:2:2
5	136
4	136
4	137
2	136
2	137
0	J138:138:J139:139
1	J138
3	138
1	J139
3	138
3	139
9	138
9	139
4	138
4	139
5	138
5	139
6	138:0:0
6	139:0:0
7	139:0:1
7	138:0:0
7	138:2:2
4	138
4	139
5	139
6	139:0:1
5	138
7	138:3:3
5	139
6	139:3:4
5	138
7	138:2:3
5	139
6	139:2:7
5	138
7	138:3:2
5	139
6	139:2:7
5	138
7	138:2:4
5	139
6	139:2:0
5	138
7	138:3:4
5	139
6	139:3:5
6	139:0:1
5	138
7	138:4:4
5	139
6	139:0:2
5	138
7	138:4:0
5	139
6	139:0:4
5	138
7	138:4:6
7	138:4:2
5	139
6	139:1:3
5	138
7	138:3:0
5	139
6	139:1:3
5	138
7	138:2:0
5	139
6	139:1:5
5	138
7	138:1:0
5	139
6	139:1:5
5	138
7	138:0:4
5	139
6	139:0:6
5	138
7	138:4:1
5	139
6	139:2:4
5	138
7	138:1:4
5	139
6	139:3:0
6	139:3:1
6	139:3:2
6	139:3:3
6	139:3:4
6	139:3:5
6	139:3:6
6	139:1:1
5	138
7	138:0:0
5	139
6	139:1:6
5	138
7	138:0:3
5	139
6	139:1:0
5	138
7	138:0:1
5	139
6	139:2:4
5	138
7	138:1:3
5	139
6	139:2:4
5	138
7	138:2:1
5	139
6	139:2:0
5	138
7	138:3:2
8	138:8:0
8	138:8:1
8	138:8:2
8	138:8:3
8	138:8:4
8	138:8:5
8	138:8:7
8	138:8:6
5	139
6	139:0:6
5	138
8	138:13:6
5	139
6	139:3:4
5	138
8	138:13:6
5	139
6	139:3:6
5	138
8	138:6:4
5	139
6	139:0:2
5	138
5	139
4	138
4	139
2	138
2	139
0	J140:140:J141:141
1	J140
3	140
1	J141
3	140
3	141
9	140
9	141
4	140
4	141
5	140
5	141
7	140:0:2
5	141
4	140
4	141
6	141:0:0
5	140
4	140
4	141
7	140:0:3
5	141
4	140
4	141
6	141:3:6
5	140
4	140
4	141
7	140:0:0
5	141
4	140
4	141
6	141:2:6
5	140
4	140
4	141
7	140:4:0
5	141
4	140
4	141
6	141:2:6
5	140
4	140
4	141
7	140:4:4
5	141
4	140
4	141
6	141:3:6
5	140
4	140
4	141
7	140:4:1
5	141
4	140
4	141
6	141:2:6
5	140
4	140
4	141
7	140:4:3
5	141
4	140
4	141
6	141:3:6
5	140
4	140
4	141
7	140:3:1
5	141
4	140
4	141
6	141:2:0
5	140
4	140
4	141
7	140:3:3
5	141
4	140
4	141
6	141:3:4
5	140
4	140
4	141
7	140:3:0
5	141
4	140
4	141
6	141:2:2
5	140
4	140
4	141
7	140:3:4
5	141
4	140
4	141
6	141:3:2
5	140
7	140:1:0
5	141
6	141:2:4
5	140
7	140:4:2
5	141
6	141:3:0
5	140
7	140:1:4
5	141
6	141:0:2
5	140
7	140:0:1
5	141
6	141:1:3
5	140
7	140:0:4
5	141
6	141:0:0
5	140
7	140:3:2
5	141
6	141:1:2
5	140
7	140:1:1
5	141
6	141:0:2
5	140
7	140:1:3
5	141
6	141:0:4
5	140
7	140:2:2
5	140
4	140
4	141
2	140
2	141
0	J142:142:J143:143
1	J142
3	142
1	J143
3	142
3	143
9	142
9	143
4	142
4	143
5	142
5	143
6	142:0:0
6	143:0:0
7	143:0:1
7	142:0:0
7	142:2:2
4	142
4	143
5	143
6	143:0:1
5	142
7	142:3:3
5	143
6	143:3:4
5	142
7	142:2:3
5	143
6	143:2:7
5	142
7	142:3:2
5	143
6	143:2:7
5	142
7	142:2:4
5	143
6	143:2:0
5	142
7	142:3:4
5	143
6	143:3:5
6	143:0:1
5	142
7	142:4:4
5	143
6	143:0:2
5	142
7	142:4:0
5	143
6	143:0:4
5	142
7	142:4:6
7	142:4:2
5	143
6	143:1:3
5	142
7	142:3:0
5	143
6	143:1:3
5	142
7	142:2:0
5	143
6	143:1:5
5	142
7	142:1:0
5	143
6	143:1:5
5	142
7	142:0:4
5	143
6	143:0:6
5	142
7	142:4:1
5	143
6	143:2:4
5	142
7	142:1:4
5	143
6	143:3:0
6	143:3:1
6	143:3:2
6	143:3:3
6	143:3:4
6	143:3:5
6	143:3:6
6	143:1:1
5	142
7	142:0:0
5	143
6	143:1:6
5	142
7	142:0:3
5	143
6	143:1:0
5	142
7	142:0:1
5	143
6	143:2:4
5	142
7	142:1:3
5	143
6	143:2:4
5	142
7	142:2:1
5	143
6	143:2:0
5	142
7	142:3:2
8	142:8:0
8	142:8:1
8	142:8:2
8	142:8:3
8	142:8:4
8	142:8:5
8	142:8:7
8	142:8:6
5	143
6	143:0:6
5	142
8	142:13:6
5	143
6	143:3:4
5	142
8	142:13:6
5	143
6	143:3:6
5	142
8	142:6:4
5	143
6	143:0:2
5	142
5	143
4	142
4	143
2	142
2	143
0	J144:144:J145:145
1	J144
3	144
1	J145
3	144
3	145
9	144
9	145
4	144
4	145
5	144
5	145
7	144:0:2
5	145
4	144
4	145
6	145:0:0
5	144
4	144
4	145
7	144:0:3
5	145
4	144
4	145
6	145:3:6
5	144
4	144
4	145
7	144:0:0
5	145
4	144
4	145
6	145:2:6
5	144
4	144
4	145
7	144:4:0
5	145
4	144
4	145
6	145:2:6
5	144
4	144
4	145
7	144:4:4
5	145
4	144
4	145
6	145:3:6
5	144
4	144
4	145
7	144:4:1
5	145
4	144
4	145
6	145:2:6
5	144
4	144
4	145
7	144:4:3
5	145
4	144
4	145
6	145:3:6
5	144
4	144
4	145
7	144:3:1
5	145
4	144
4	145
6	145:2:0
5	144
4	144
4	145
7	144:3:3
5	145
4	144
4	145
6	145:3:4
5	144
4	144
4	145
7	144:3:0
5	145
4	144
4	145
6	145:2:2
5	144
4	144
4	145
7	144:3:4
5	145
4	144
4	145
6	145:3:2
5	144
7	144:1:0
5	145
6	145:2:4
5	144
7	144:4:2
5	145
6	145:3:0
5	144
7	144:1:4
5	145
6	145:0:2
5	144
7	144:0:1
5	145
6	145:1:3
5	144
7	144:0:4
5	145
6	145:0:0
5	144
7	144:3:2
5	145
6	145:1:2
5	144
7	144:1:1
5	145
6	145:0:2
5	144
7	144:1:3
5	145
6	145:0:4
5	144
7	144:2:2
5	144
4	144
4	145
2	144
2	145
0	J146:146:J147:147
1	J146
3	146
1	J147
3	146
3	147
9	146
9	147
4	146
4	147
5	146
5	147
6	146:0:0
6	147:0:0
7	147:0:1
7	146:0:0
7	146:2:2
4	146
4	147
5	147
6	147:0:1
5	146
7	146:3:3
5	147
6	147:3:4
5	146
7	146:2:3
5	147
6	147:2:7
5	146
7	146:3:2
5	147
6	147:2:7
5	146
7	146:2:4
5	147
6	147:2:0
5	146
7	146:3:4
5	147
6	147:3:5
6	147:0:1
5	146
7	146:4:4
5	147
6	147:0:2
5	146
7	146:4:0
5	147
6	147:0:4
5	146
7	146:4:6
7	146:4:2
5	147
6	147:1:3
5	146
7	146:3:0
5	147
6	147:1:3
5	146
7	146:2:0
5	147
6	147:1:5
5	146
7	146:1:0
5	147
6	147:1:5
5	146
7	146:0:4
5	147
6	147:0:6
5	146
7	146:4:1
5	147
6	147:2:4
5	146
7	146:1:4
5	147
6	147:3:0
6	147:3:1
6	147:3:2
6	147:3:3
6	147:3:4
6	147:3:5
6	147:3:6
6	147:1:1
5	146
7	146:0:0
5	147
6	147:1:6
5	146
7	146:0:3
5	147
6	147:1:0
5	146
7	146:0:1
5	147
6	147:2:4
5	146
7	146:1:3
5	147
6	147:2:4
5	146
7	146:2:1
5	147
6	147:2:0
5	146
7	146:3:2
8	146:8:0
8	146:8:1
8	146:8:2
8	146:8:3
8	146:8:4
8	146:8:5
8	146:8:7
8	146:8:6
5	147
6	147:0:6
5	146
8	146:13:6
5	147
6	147:3:4
5	146
8	146:13:6
5	147
6	147:3:6
5	146
8	146:6:4
5	147
6	147:0:2
5	146
5	147
4	146
4	147
2	146
2	147
0	J148:148:J149:149
1	J148
3	148
1	J149
3	148
3	149
9	148
9	149
4	148
4	149
5	148
5	149
7	148:0:2
5	149
4	148
4	149
6	149:0:0
5	148
4	148
4	149
7	148:0:3
5	149
4	148
4	149
6	149:3:6
5	148
4	148
4	149
7	148:0:0
5	149
4	148
4	149
6	149:2:6
5	148
4	148
4	149
7	148:4:0
5	149
4	148
4	149
6	149:2:6
5	148
4	148
4	149
7	148:4:4
5	149
4	148
4	149
6	149:3:6
5	148
4	148
4	149
7	148:4:1
5	149
4	148
4	149
6	149:2:6
5	148
4	148
4	149
7	148:4:3
5	149
4	148
4	149
6	149:3:6
5	148
4	148
4	149
7	148:3:1
5	149
4	148
4	149
6	149:2:0
5	148
4	148
4	149
7	148:3:3
5	149
4	148
4	149
6	149:3:4
5	148
4	148
4	149
7	148:3:0
5	149
4	148
4	149
6	149:2:2
5	148
4	148
4	149
7	148:3:4
5	149
4	148
4	149
6	149:3:2
5	148
7	148:1:0
5	149
6	149:2:4
5	148
7	148:4:2
5	149
6	149:3:0
5	148
7	148:1:4
5	149
6	149:0:2
5	148
7	148:0:1
5	149
6	149:1:3
5	148
7	148:0:4
5	149
6	149:0:0
5	148
7	148:3:2
5	149
6	149:1:2
5	148
7	148:1:1
5	149
6	149:0:2
5	148
7	148:1:3
5	149
6	149:0:4
5	148
7	148:2:2
5	148
4	148
4	149
2	148
2	149
