136
0	J5:50:J6:60
1	J5
3	50
1	J6
3	50
3	60
9	50
9	60
4	50
4	60
5	50
5	60
7	50:0:2
5	60
4	50
4	60
6	60:0:0
5	50
4	50
4	60
7	50:0:3
5	60
4	50
4	60
6	60:3:6
5	50
4	50
4	60
7	50:0:0
5	60
4	50
4	60
6	60:2:6
5	50
4	50
4	60
7	50:4:0
5	60
4	50
4	60
6	60:2:6
5	50
4	50
4	60
7	50:4:4
5	60
4	50
4	60
6	60:3:6
5	50
4	50
4	60
7	50:4:1
5	60
4	50
4	60
6	60:2:6
5	50
4	50
4	60
7	50:4:3
5	60
4	50
4	60
6	60:3:6
5	50
4	50
4	60
7	50:3:1
5	60
4	50
4	60
6	60:2:0
5	50
4	50
4	60
7	50:3:3
5	60
4	50
4	60
6	60:3:4
5	50
4	50
4	60
7	50:3:0
5	60
4	50
4	60
6	60:2:2
5	50
4	50
4	60
7	50:3:4
5	60
4	50
4	60
6	60:3:2
5	50
7	50:1:0
5	60
6	60:2:4
5	50
7	50:4:2
5	60
6	60:3:0
5	50
7	50:1:4
5	60
6	60:0:2
5	50
7	50:0:1
5	60
6	60:1:3
5	50
7	50:0:4
5	60
6	60:0:0
5	50
7	50:3:2
5	60
6	60:1:2
5	50
7	50:1:1
5	60
6	60:0:2
5	50
7	50:1:3
5	60
6	60:0:4
5	50
7	50:2:2
5	50
4	50
4	60
2	50
2	60
