118
0	J1:10:J2:20
1	J1
3	10
1	J2
3	10
3	20
9	10
9	20
4	10
4	20
5	10
5	20
6	10:0:0
6	20:0:0
7	20:0:1
7	10:0:0
7	10:2:2
4	10
4	20
5	20
6	20:0:1
5	10
7	10:3:3
5	20
6	20:3:4
5	10
7	10:2:3
5	20
6	20:2:7
5	10
7	10:1:3
5	20
6	20:2:0
5	10
7	10:1:2
5	20
6	20:2:0
5	10
7	10:0:2
5	20
6	20:1:4
5	10
7	10:0:1
5	20
6	20:1:3
5	10
7	10:0:0
5	20
6	20:2:0
6	20:0:0
5	10
7	10:0:6
7	10:1:4
5	20
6	20:0:2
5	10
7	10:0:4
5	20
6	20:2:6
5	10
7	10:0:3
5	20
6	20:2:4
5	10
7	10:1:4
5	20
6	20:1:4
5	10
7	10:1:1
5	20
6	20:1:6
5	10
7	10:2:4
5	20
6	20:0:0
5	10
7	10:3:4
5	20
6	20:3:0
5	10
7	10:4:0
5	20
6	20:2:4
5	10
7	10:3:0
5	20
6	20:0:6
5	10
7	10:2:0
5	20
6	20:2:2
5	10
7	10:2:1
5	20
6	20:0:4
5	10
7	10:2:3
5	20
6	20:3:5
5	10
7	10:4:2
8	10:15:0
5	20
6	20:2:3
5	10
8	10:15:0
5	20
6	20:3:2
5	10
8	10:15:6
5	20
6	20:0:2
5	10
5	20
5	10
5	20
2	10 
2	20
